#FamilyID	Clec<0>	Aluc<1>	<2>	Rpro<3>	Hhal<4>	Achi<5>	<6>	<7>	<8>	Nlug<9>	Btab<10>	Apis<11>	<12>	<13>	Dmel<14>	<15>	<16>	Bmor<17>	<18>	
OG0000001	4.05745e-06	0.596686	0.000390619	0.171541	2.57998e-42	1.04085e-159	1.03152e-11	1.42807e-08	0.0496199	1.27756e-22	3.43496e-13	3.52343e-28	0.126601	0.420246	5.19761e-07	4.0354e-07	0.64368	0.000328863	N/A
OG0000004	0.000276467	1.53858e-10	0.331422	0.650496	0.476926	0.0614314	0.351344	2.71e-07	0.178191	4.9365e-29	0.00305195	6.99624e-06	0.0515691	0.856219	0.00017305	5.44683e-06	0.636311	0.000924362	N/A
OG0000005	0.151291	0.814673	0.266578	0.00753137	2.10016e-16	2.60905e-52	1.20227e-08	0.00191178	0.0182862	4.77204e-44	1.98054e-10	9.0441e-10	0.0664195	0.822849	0.000183135	0.000197256	0.604104	0.0332982	N/A
OG0000009	0.151985	0.603314	0.532635	0.185149	8.80272e-30	2.53394e-185	2.688e-07	2.89005e-14	0.757968	0.0114414	0.0024438	7.9385e-07	0.668111	0.692051	0.0114044	0.0738771	0.546257	0.324985	N/A
OG0000011	1.34764e-07	0.0162272	0.704151	9.21441e-07	7.46916e-15	1.0143e-34	7.38745e-05	0.0191734	0.0533923	0.0275265	0.00333437	1.40646e-32	0.800758	0.0383553	0.00226909	0.0302931	0.62868	0.256651	N/A
OG0000012	0.91771	2.65776e-05	0.0872688	0.0220293	2.53728e-17	2.62975e-14	0.331497	0.607115	0.112401	0.694231	5.32202e-05	0.0556344	0.284269	0.545226	0.000229524	0.504133	0.657671	0.10077	N/A
OG0000013	0.0591618	0.793358	0.634783	4.03579e-05	1.93175e-05	2.29505e-11	1.42737e-05	0.176	0.00178553	3.70634e-12	6.02769e-08	2.96384e-44	0.785547	0.0735571	0.00329655	0.000396053	0.595311	0.0163437	N/A
OG0000014	4.41296e-05	0.844358	0.00270847	0.220371	7.49254e-14	1.51667e-06	0.0442716	0.684433	0.00021183	2.13068e-20	0.0740918	3.33555e-13	0.819329	0.0526515	2.20058e-06	7.45325e-06	0.612588	0.00315298	N/A
OG0000015	0.416509	0.765306	0.205784	0.016329	6.26606e-08	4.45143e-24	1.42737e-05	0.1025	0.0308881	3.23659e-10	6.63352e-08	2.14054e-39	0.767415	0.121112	0.000278072	0.000279498	0.576749	0.0326821	N/A
OG0000016	0.0347317	0.907414	0.271642	2.1754e-05	0.0867765	0.623204	0.815202	0.15718	0.441686	0.0471756	0.689649	0.00162823	0.807454	0.326426	0.0407056	0.0777525	0.64368	0.724341	N/A
OG0000017	4.19382e-09	0.0468072	0.434429	0.905433	7.44634e-19	4.00963e-06	0.479096	0.00851256	0.86446	0.0356516	0.0627697	0.165988	0.489812	0.313613	0.0246573	0.490627	0.650796	0.000758062	N/A
OG0000019	0.454596	7.34312e-09	0.076554	0.279749	2.61019e-15	7.44995e-16	0.310163	0.913519	0.0224256	0.439854	0.478981	0.00295123	0.10325	0.132994	0.489117	0.442979	0.62868	0.0612133	N/A
OG0000021	0.727587	0.350438	0.588765	0.760376	7.46916e-15	2.84061e-109	0.190548	4.04462e-12	0.704821	0.223931	0.0026907	2.45771e-16	0.623906	0.644106	0.0114044	0.749289	0.546257	0.667152	N/A
OG0000022	1.74899e-07	0.324956	0.672712	0.230368	2.08925e-05	3.81792e-43	0.00293871	2.38121e-09	0.820102	6.53104e-18	0.0312314	0.85273	3.52062e-06	0.260673	0.0411653	0.046281	0.535326	0.25331	N/A
OG0000024	0.765306	0.765306	0.6129	0.00904464	2.35695e-06	2.25886e-14	9.07279e-05	0.134859	0.00474901	1.76603e-06	5.93649e-06	3.73417e-29	0.757029	0.108952	0.00111727	0.00844839	0.586197	0.284568	N/A
OG0000025	0.023466	0.727587	0.588765	0.00393649	5.51838e-06	0.105658	0.190548	0.781798	2.13941e-06	1.31282e-37	3.12382e-07	2.38082e-21	0.745618	0.223932	0.000946535	0.000544167	0.566953	0.0126972	N/A
OG0000027	0.517117	0.517117	0.224971	0.411368	0.0274313	0.000190835	0.787286	0.176991	0.859195	0.0967601	0.528021	0.528021	0.785547	0.808906	0.943047	0.8842	0.64368	0.438737	N/A
OG0000028	0.416509	0.416509	0.6129	0.00904464	0.00165393	3.69625e-21	8.39481e-06	9.16396e-07	0.524923	9.62588e-27	0.000488458	0.231567	0.00292272	0.711838	0.0379507	0.10266	0.556794	0.173828	N/A
OG0000029	0.0553753	0.0270093	0.730366	1.12625e-05	3.57608e-11	0.0480938	0.412286	2.14748e-05	0.838979	0.764179	0.640021	0.00312498	0.757029	0.108952	0.0422542	0.00844839	0.586197	0.0110317	N/A
OG0000031	0.603314	0.603314	0.532635	0.626502	0.552155	0.0775147	0.5369	0.614909	0.569351	0.691755	0.0024438	4.29276e-75	0.1034	9.27878e-06	0.520964	0.661179	0.523984	0.52688	N/A
OG0000033	0.00349038	0.0430276	0.672712	0.00753137	2.20876e-11	2.25886e-14	0.0233232	0.413569	0.0258851	8.801e-15	6.49355e-05	8.78598e-12	0.757029	0.782026	0.00111727	0.00844839	0.586197	0.147	N/A
OG0000035	0.220583	0.220583	0.199392	0.376985	0.00321149	5.45965e-09	0.769221	0.348839	0.595669	0.122662	0.306262	0.227128	0.776888	0.800848	0.700184	0.442979	0.62868	0.819289	N/A
OG0000037	0.00980204	0.264905	0.000230172	0.0348535	0.00048864	0.665747	0.261492	0.174447	4.25167e-05	2.52648e-30	9.19466e-09	3.64871e-09	0.757029	0.782026	7.33087e-06	0.131546	0.604104	0.542153	N/A
OG0000038	0.125436	0.0398326	0.752361	0.376985	0.000256497	0.639031	0.769221	6.04437e-06	0.00449449	0.000461511	7.82264e-05	0.0185003	0.719201	0.744863	0.620315	0.328762	0.586197	0.284568	N/A
OG0000040	1.16742e-05	0.251176	0.634783	0.161819	4.85671e-07	0.00322466	0.261492	0.537696	0.000504114	2.48572e-30	1.55359e-06	1.99323e-08	0.745618	0.770996	8.23217e-05	0.0443963	0.586197	0.767843	N/A
OG0000041	2.23783e-06	5.24435e-16	0.65465	1.04336e-05	5.4524e-05	0.13067	0.669784	0.537696	0.00258913	6.81601e-07	0.000293128	4.84511e-23	0.733057	0.206648	0.000278072	0.0337107	0.576749	0.916544	N/A
OG0000042	1.16742e-05	0.00303669	0.634783	4.03579e-05	1.78678e-06	0.00521533	0.261492	0.828662	0.000504114	1.2777e-22	0.00295123	8.78598e-12	0.745618	0.223932	0.000278072	0.0057302	0.576749	0.251612	N/A
OG0000044	1.16742e-05	0.0207094	0.634783	4.03579e-05	1.80802e-07	4.32193e-10	0.0145834	0.843958	0.00357245	2.84281e-08	0.00412699	1.89127e-21	0.745618	0.096731	0.000946535	0.000544167	0.566953	0.0605023	N/A
OG0000045	0.264905	0.675805	0.00362104	0.796542	2.04975e-10	5.45467e-33	0.00101614	0.0115227	0.474353	0.0247108	0.0668696	7.86596e-19	0.703886	0.0605407	0.0032575	0.01578	0.556794	0.173828	N/A
OG0000046	0.5	0.5	0.000683965	0.707241	2.81023e-14	2.48669e-66	2.6243e-05	1.3911e-05	0.757968	4.58823e-10	0.00643352	0.00102683	0.0915741	0.669615	0.0411653	0.046281	0.535326	0.25331	N/A
OG0000047	0.00781117	0.384042	0.704151	0.874648	4.56392e-11	0.00289362	0.370241	0.028999	0.820102	0.0266643	0.0178337	0.000139686	0.733057	0.00012239	0.000946535	0.00361938	0.566953	0.214736	N/A
OG0000048	0.353014	3.47872e-10	0.0790959	0.702218	6.45068e-19	3.15229e-10	0.20761	0.0808424	2.7234e-05	0.0221765	0.268461	0.268461	0.668111	0.297327	0.0896208	0.800504	0.566953	0.0605023	N/A
OG0000051	0.187666	0.452075	0.741837	0.893305	0.000391308	2.04975e-10	0.758859	0.671493	0.838979	0.00560552	0.749706	0.749706	0.190365	0.770996	0.333385	0.381034	0.604104	0.930723	N/A
OG0000052	0.530203	0.0691394	0.23719	0.568047	9.54416e-05	9.26306e-07	0.0144491	0.89097	0.00449449	0.418657	0.705511	0.90038	0.142998	0.729339	0.595381	0.298495	0.576749	0.121545	N/A
OG0000054	0.151985	0.151985	6.71916e-06	0.301447	4.85671e-07	0.0382567	0.261492	0.537696	4.25167e-05	2.66539e-08	0.00412699	6.80009e-17	0.757029	0.240519	2.4511e-05	0.0558474	0.595311	0.519639	N/A
OG0000056	0.00193445	0.727587	0.588765	0.404361	0.00048864	0.105658	0.190548	0.781798	1.37292e-05	5.47652e-22	0.000712744	5.83535e-12	0.733057	0.758673	8.23217e-05	0.0980789	0.586197	0.922176	N/A
OG0000057	0.00980204	0.675805	0.56211	0.0159964	0.665747	0.253734	0.00468384	0.781798	0.00117213	1.79679e-05	8.44316e-05	1.25445e-34	0.703886	0.0605407	0.000946535	0.0652008	0.566953	0.909526	N/A
OG0000058	0.793358	0.793358	0.634783	4.03579e-05	1.78678e-06	3.79266e-05	0.261492	0.828662	0.0130518	8.69638e-06	8.44316e-05	5.41585e-23	0.719201	0.188659	0.00359952	0.0814349	0.576749	0.751149	N/A
OG0000059	0.00781117	0.000663691	0.704151	0.0599494	0.0699849	0.805129	0.370241	0.176	0.820102	0.58299	0.00469673	3.34821e-08	0.733057	0.758673	0.925853	0.356176	0.595311	0.058516	N/A
OG0000061	0.544428	0.0961226	0.672712	0.0360011	0.00114587	4.79836e-07	0.320596	0.855975	0.0212148	0.000627305	3.47892e-05	1.62288e-10	0.745618	0.770996	0.068828	0.381034	0.604104	0.542153	N/A
OG0000063	0.634848	0.0976307	0.730366	0.88806	0.0803619	6.36969e-09	0.747464	0.0700054	0.830231	0.020394	0.595768	0.749706	0.745618	0.770996	0.6746	0.861555	0.612588	0.934068	N/A
OG0000065	0.014305	6.93604e-11	0.65465	0.025447	0.028588	0.00773872	0.669784	0.317586	0.757968	0.663886	0.176606	9.63191e-22	0.668111	0.0380617	0.0411653	0.00439231	0.535326	0.25331	N/A
OG0000066	0.0059199	0.00193445	0.588765	0.00393649	0.00048864	0.00176453	0.190548	0.781798	0.0375464	0.00129738	9.94396e-05	1.85155e-35	0.668111	0.0380617	0.0114044	0.0738771	0.546257	0.324985	N/A
OG0000068	0.00540216	1.20824e-07	0.689157	0.047612	3.21257e-23	1.92218e-09	0.705697	0.134859	0.231067	0.0326669	0.0304251	0.892923	0.686927	0.711838	0.764635	0.547843	0.586197	0.0282444	N/A
OG0000069	0.675805	0.264905	0.133987	0.760376	6.06456e-10	2.33983e-35	0.000623236	0.0403771	0.44335	6.8605e-12	0.0024438	0.000428099	0.109126	0.692051	0.125037	0.0738771	0.546257	0.324985	N/A
OG0000070	0.014305	0.814673	0.65465	0.562169	9.26306e-07	3.34974e-34	0.292362	0.000801699	0.777795	9.36636e-05	0.0205416	0.464094	0.109126	0.692051	0.0032575	0.228283	0.556794	0.900505	N/A
OG0000071	0.00468885	6.11302e-06	0.6129	0.00904464	3.39699e-07	9.05484e-57	0.625291	1.24694e-09	0.0121738	0.0443054	0.423993	0.777482	0.5689	0.581795	0.520964	0.661179	0.523984	0.52688	N/A
OG0000074	0.0285219	0.0559415	0.689157	0.260579	0.000177973	0.0442896	0.705697	0.385433	0.501309	0.00609196	0.0185003	0.00155029	0.719201	0.744863	0.620315	0.328762	0.586197	0.922176	N/A
OG0000079	0.596686	0.0162272	0.704151	0.0599494	0.00168746	1.1247e-06	0.721041	0.865651	0.808274	0.208575	0.722719	0.00155029	0.719201	0.744863	0.30706	0.843896	0.595311	0.519639	N/A
OG0000081	0.00468885	0.000389623	0.6129	0.00904464	0.00048864	4.18515e-09	0.625291	0.781798	0.704821	0.587131	0.382897	1.9647e-25	0.623906	6.02786e-05	0.24723	0.144136	0.535326	0.25331	N/A
OG0000082	0.85499	9.91981e-06	0.128746	0.0112332	2.41122e-07	5.02764e-05	0.705697	0.385433	0.794344	0.709932	0.0417106	0.0686108	0.703886	0.729339	0.141632	0.832332	0.586197	0.493602	N/A
OG0000084	0.572774	0.114993	0.689157	0.619987	0.00773872	1.80802e-07	0.705697	0.597866	0.501309	0.907985	0.133651	0.906444	0.719201	0.744863	0.30706	0.843896	0.595311	0.0378277	N/A
OG0000086	0.151985	0.603314	0.00189526	0.19679	5.51838e-06	1.766e-05	0.190548	0.781798	0.00674334	3.64638e-17	0.000488458	6.09818e-11	0.686927	0.711838	0.0114044	0.00914123	0.546257	0.324985	N/A
OG0000087	0.0162272	0.0369073	0.704151	0.440811	0.822458	0.0874395	0.721041	0.00507851	0.0112214	0.31946	0.658828	0.883428	0.668111	0.692051	0.0572052	0.800504	0.566953	0.305662	N/A
OG0000088	0.00193445	0.727587	0.171404	0.12374	1.39398e-13	1.566e-64	0.625291	7.2833e-05	0.0121738	0.781518	0.270567	0.270567	0.5689	0.122779	0.520964	0.661179	0.523984	0.294644	N/A
OG0000090	0.727587	0.727587	0.588765	0.760376	0.633789	0.202879	0.599088	0.744651	0.00437154	0.663886	0.411506	5.54791e-17	0.289511	0.0490285	0.0474879	0.818161	0.576749	0.121545	N/A
OG0000092	1.16742e-05	9.81881e-05	0.634783	0.00109301	1.59818e-08	5.06759e-08	0.261492	0.828662	0.0608157	3.66187e-08	0.0131987	3.06983e-07	0.703886	0.729339	0.000946535	0.0652008	0.566953	0.909526	N/A
OG0000093	0.00468885	0.207868	0.6129	0.796542	0.00048864	0.105658	0.625291	0.781798	0.00674334	2.55836e-11	0.000488458	2.82536e-13	0.686927	0.711838	0.0032575	0.10266	0.556794	0.900505	N/A
OG0000094	0.023466	0.0561127	0.588765	0.0366283	0.0798612	0.00522033	0.599088	0.744651	0.668977	0.828257	0.00643352	1.91937e-35	0.597927	0.0108753	0.520964	0.0972942	0.523984	0.52688	N/A
OG0000096	0.204457	0.0398326	0.061621	0.67608	0.783056	0.454867	0.177198	0.873618	0.0162447	0.506932	0.0153399	0.15951	0.0199291	0.0105941	0.105314	0.778129	0.556794	0.173828	N/A
OG0000097	0.85499	0.0033249	0.128746	0.047612	0.154778	0.000116844	0.705697	0.23437	0.794344	0.117934	0.90038	0.176606	0.703886	0.729339	0.764635	0.832332	0.586197	0.205169	N/A
OG0000098	0.180043	0.324956	0.672712	0.854789	0.00773872	5.00733e-06	0.688684	0.843958	0.777795	0.357367	0.892923	0.0304251	0.686927	0.711838	0.00287617	0.0358348	0.604104	0.434545	N/A
OG0000099	0.416509	0.765306	0.6129	0.471512	0.282404	1.70121e-14	0.625291	2.37734e-16	0.00018518	0.691755	0.270567	0.687706	0.536414	0.543722	0.356523	0.593177	0.512215	0.756582	N/A
OG0000100	0.000140129	0.000389623	0.6129	0.000380265	0.00322466	4.85671e-07	0.227674	0.808669	0.00964636	0.00813961	0.436685	5.83535e-12	0.703886	0.0605407	0.0116461	0.0652008	0.566953	0.214736	N/A
OG0000101	0.0976307	0.170242	0.158137	0.465532	0.177912	0.00289706	0.045647	0.597866	0.231067	0.238296	0.312314	0.658828	0.109126	0.692051	0.908438	0.800504	0.566953	0.570039	N/A
OG0000102	0.572774	0.356128	0.689157	0.155097	0.154778	1.78678e-06	0.705697	0.23437	0.794344	0.270231	0.90038	0.263182	0.703886	0.729339	0.764635	0.832332	0.586197	0.922176	N/A
OG0000103	0.180043	0.324956	0.672712	0.0680623	6.34516e-09	5.00733e-06	0.688684	0.843958	0.777795	0.238296	0.00454711	0.0160187	0.686927	0.711838	0.338397	0.818161	0.576749	0.121545	N/A
OG0000104	0.0591618	0.00104709	0.634783	0.161819	0.298294	0.0382567	0.648748	0.808669	0.73401	0.0539603	0.0205416	1.65254e-08	0.25882	0.692051	0.198932	0.182772	0.586197	0.205169	N/A
OG0000116	0.0311449	0.814673	0.65465	0.562169	1.78678e-06	5.83921e-06	0.669784	0.828662	0.757968	0.00010958	0.883428	0.196943	0.668111	0.692051	3.27773e-06	0.518517	0.576749	0.0326821	N/A
OG0000121	0.675805	0.675805	0.56211	0.0159964	0.337504	0.00521533	0.000340582	0.276685	0.0488928	1.82529e-12	0.000488458	0.00204493	0.686927	0.711838	0.000946535	0.265085	0.566953	0.730323	N/A
OG0000122	0.814673	0.0774798	0.65465	0.840688	0.00048864	0.105658	0.669784	0.174447	0.757968	0.00274277	0.658828	0.0370167	0.668111	0.692051	4.87954e-07	0.518517	0.576749	0.121545	N/A
OG0000123	0.5	0.5	0.0486771	0.626502	1.43327e-09	1.31877e-69	0.5369	1.65611e-06	0.569351	0.276095	0.5	0.5	0.536414	0.0650824	0.356523	0.593177	0.512215	0.756582	N/A
OG0000125	0.324956	0.831226	0.672712	0.593961	0.0516527	1.78678e-06	0.688684	0.570686	0.777795	0.238296	0.500188	0.684689	0.686927	0.711838	0.747757	0.818161	0.576749	0.345409	N/A
OG0000126	0.0403528	0.0121668	0.6129	0.0608496	0.105658	0.00048864	0.625291	0.781798	0.365458	0.013573	0.00111515	0.0795639	0.00146949	0.00679607	0.372432	0.832332	0.586197	0.624993	N/A
OG0000130	0.356128	0.356128	0.689157	0.619987	0.000112417	0.000374366	0.705697	0.855975	0.231067	0.506932	0.500188	0.500188	0.686927	0.711838	0.0114044	0.00914123	0.546257	0.324985	N/A
OG0000131	0.675805	0.108377	0.56211	0.313106	1.20688e-06	0.00196612	0.569766	0.691871	0.624625	0.430594	0.270567	0.270567	0.5689	0.122779	5.71836e-20	0.00135371	0.566953	0.214736	N/A
OG0000132	0.152245	0.00214323	0.717843	3.82686e-13	1.66903e-06	2.87898e-05	0.045647	0.855975	4.95943e-09	0.276095	0.5	0.5	0.536414	0.0650824	0.356523	0.593177	0.512215	0.756582	N/A
OG0000134	0.5	0.5	0.5	0.5	0.5	0.5	0.5	0.5	2.73659e-06	3.49275e-22	0.0508822	5.9051e-09	0.647195	0.669615	0.0411653	0.046281	0.535326	0.25331	N/A
OG0000137	0.151985	0.603314	0.532635	0.626502	0.00196612	0.000282756	0.104701	0.691871	0.00254556	2.25439e-15	0.00049298	6.0033e-12	0.647195	0.669615	0.0411653	0.046281	0.535326	0.25331	N/A
OG0000139	0.0209263	1.84757e-06	0.672712	0.593961	1.21014e-07	0.000374366	0.688684	0.353634	0.202701	0.31946	0.196943	0.658828	0.668111	0.692051	0.125037	0.0738771	0.546257	0.129601	N/A
OG0000140	0.000140129	0.00159279	0.6129	0.471512	5.51838e-06	0.000119299	0.625291	0.781798	0.365458	1.89805e-18	0.0026907	0.0136638	0.0736692	0.644106	0.0411653	0.144136	0.535326	0.25331	N/A
OG0000141	0.675805	0.264905	0.56211	0.707241	0.633789	0.00522033	0.149711	0.744651	0.00437154	0.0395368	0.906444	8.49572e-12	0.668111	0.0032087	0.0032575	0.228283	0.556794	0.900505	N/A
OG0000142	0.0774798	0.814673	0.65465	0.19743	1.78678e-06	0.000440051	0.669784	0.828662	0.757968	0.00010958	0.312314	0.0722891	0.668111	0.692051	5.17728e-05	0.518517	0.576749	0.121545	N/A
OG0000148	0.831226	0.831226	0.672712	0.593961	0.0382567	4.85671e-07	0.688684	0.20549	0.777795	0.238296	0.350127	0.500188	0.686927	0.711838	0.915495	0.818161	0.576749	0.345409	N/A
OG0000152	0.5	0.5	0.0486771	0.626502	0.00196612	0.0534611	0.104701	0.691871	0.00254556	0.0256347	0.121774	8.09721e-22	0.647195	0.109803	0.0114044	0.187946	0.546257	0.888519	N/A
OG0000153	0.251176	0.251176	0.634783	0.822048	4.85671e-07	0.000241564	0.648748	0.808669	0.73401	0.013573	0.625631	0.419728	0.647195	0.669615	5.82332e-07	0.483534	0.566953	0.214736	N/A
OG0000154	0.264905	0.000293593	0.56211	0.0159964	0.5	0.5	0.569766	0.0126697	0.017635	4.21359e-21	0.0026907	1.7398e-06	0.623906	0.644106	0.0411653	0.144136	0.535326	0.614875	N/A
OG0000160	0.416509	0.00159279	0.6129	0.00904464	0.00176453	5.51838e-06	0.625291	0.781798	0.365458	0.0952744	0.00643352	9.68982e-11	0.647195	0.669615	0.0379507	0.778129	0.556794	0.0656828	N/A
OG0000163	0.0162272	0.596686	0.704151	0.0296693	0.0516527	0.00182488	0.0366342	0.570686	0.00398582	0.223931	0.15951	0.518458	0.623906	0.219793	0.00529857	0.749289	0.546257	0.129601	N/A
OG0000164	0.014305	0.00519069	0.65465	0.343861	9.69075e-19	8.24747e-05	0.669784	0.0074823	5.91663e-05	0.0443054	0.423993	0.423993	0.5689	0.581795	0.288699	0.661179	0.523984	0.837017	N/A
OG0000165	0.814673	0.290105	0.65465	0.562169	0.693095	0.0151874	0.669784	0.537696	0.757968	0.000494956	0.464094	0.658828	0.668111	0.692051	0.0572052	0.800504	0.566953	0.42695	N/A
OG0000167	0.793358	0.0207094	0.634783	0.301447	0.00196612	0.596298	0.648748	0.0122282	0.73401	0.013573	0.658828	0.0370167	0.25882	0.692051	3.27773e-06	0.518517	0.576749	0.00402271	N/A
OG0000169	0.023466	2.2252e-06	0.588765	0.00393649	5.51838e-06	1.40706e-12	0.599088	0.178445	0.668977	3.76637e-18	0.270567	0.687706	0.000687357	0.543722	0.356523	0.593177	0.512215	0.756582	N/A
OG0000170	0.014305	0.290105	0.65465	0.840688	0.0215364	0.154778	0.669784	0.828662	0.757968	0.0757879	3.25803e-05	0.658828	0.668111	0.692051	0.0114044	0.0738771	0.546257	0.888519	N/A
OG0000172	0.00519069	0.510308	0.65465	0.19743	0.154778	0.337504	0.669784	0.828662	0.757968	0.0395368	0.870755	0.00643352	0.668111	0.297327	0.908438	0.800504	0.566953	0.305662	N/A
OG0000173	0.814673	0.290105	0.65465	0.107697	0.13067	0.00102852	0.669784	0.537696	0.757968	0.471067	0.121774	0.464094	0.668111	0.692051	0.908438	0.800504	0.566953	0.142634	N/A
OG0000174	0.5	0.5	0.5	0.5	0.552155	0.0775147	0.054996	0.614909	0.569351	0.276095	0.658828	3.12536e-26	0.1034	9.27878e-06	0.520964	0.661179	0.523984	0.837017	N/A
OG0000176	0.5	0.5	0.000683965	0.707241	0.000173412	2.74255e-07	0.149711	0.744651	0.0270255	0.426841	0.684689	4.65787e-15	0.647195	0.027859	0.0411653	0.046281	0.535326	0.25331	N/A
OG0000179	0.793358	0.468545	0.634783	0.822048	0.00322466	0.00102852	0.648748	0.808669	0.407422	0.0114414	0.883428	0.0370167	0.668111	0.692051	0.420214	0.800504	0.566953	0.570039	N/A
OG0000180	0.544428	1.84757e-06	0.672712	0.593961	0.000735323	5.00733e-06	0.688684	0.843958	0.202701	0.471067	0.0508822	0.419728	0.0915741	0.669615	0.125037	0.187946	0.546257	0.324985	N/A
OG0000181	0.207868	0.416509	0.6129	0.0608496	1.766e-05	0.00969179	0.625291	0.781798	0.704821	0.587131	0.0598707	0.217632	0.623906	0.644106	0.0102726	0.0157181	0.576749	0.0811327	N/A
OG0000183	0.5	0.5	0.5	0.5	0.5	0.5	0.5	0.5	0.5	0.5	0.0420388	8.21585e-37	0.0542774	0.0223161	0.356523	0.593177	0.512215	0.756582	N/A
OG0000187	0.00980204	0.675805	0.56211	0.707241	1.78678e-06	2.35476e-42	0.569766	0.000450163	0.624625	0.0443054	0.0420388	0.00322071	0.5689	0.581795	0.159296	0.661179	0.523984	0.837017	N/A
OG0000188	0.765306	0.207868	0.6129	0.471512	0.633789	0.00522033	0.625291	0.445188	0.0375464	0.000494956	0.892923	0.00840385	0.668111	0.130504	0.0379507	0.228283	0.556794	0.703421	N/A
OG0000189	0.5	0.5	0.5	0.5	0.0775147	7.67362e-05	0.054996	0.614909	0.569351	0.276095	0.0420388	8.63936e-33	0.536414	0.0223161	0.356523	0.593177	0.512215	0.756582	N/A
OG0000190	0.675805	0.264905	0.56211	0.313106	0.0798612	0.00522033	0.149711	0.744651	0.00437154	0.203165	0.0024438	0.00475304	0.668111	0.692051	0.000266908	0.182772	0.586197	0.624993	N/A
OG0000191	0.0591618	0.00303669	0.634783	0.522441	0.633789	0.00522033	0.648748	0.141434	0.73401	0.873084	0.883428	6.09429e-08	0.647195	0.109803	0.125037	0.187946	0.546257	0.888519	N/A
OG0000196	0.765306	0.207868	0.6129	0.796542	0.633789	0.633789	0.625291	0.445188	0.365458	0.426841	0.312314	6.09429e-08	0.647195	0.109803	0.887481	0.187946	0.546257	0.324985	N/A
OG0000199	0.290105	0.0774798	0.65465	0.840688	0.13067	0.00102852	0.669784	0.537696	0.757968	0.00527445	0.625631	0.268461	0.0915741	0.669615	0.699612	0.778129	0.556794	0.173828	N/A
OG0000202	0.5	0.5	0.0486771	0.626502	0.5	0.5	0.5369	0.168617	0.569351	8.86204e-36	0.5	0.5	0.536414	0.0650824	0.356523	0.593177	0.512215	0.756582	N/A
OG0000205	0.85499	0.0162272	0.704151	0.0296693	0.105658	0.00048864	0.00199772	0.174447	0.0437819	0.587131	0.120375	0.0312314	0.623906	0.644106	0.24723	0.144136	0.535326	0.614875	N/A
OG0000206	0.00193445	0.160124	0.588765	0.00393649	4.85671e-07	4.77846e-12	0.190548	0.230396	0.365458	6.57695e-05	0.883428	0.00114549	0.647195	0.109803	0.0411653	0.046281	0.535326	0.25331	N/A
OG0000208	0.0774798	0.151291	0.65465	0.840688	0.000440051	0.00182488	0.669784	0.828662	0.172467	0.165029	0.0508822	0.625631	0.647195	0.669615	0.899401	0.778129	0.556794	0.530436	N/A
OG0000212	0.5	0.5	0.5	0.5	0.00196612	0.0534611	0.00089877	0.691871	0.00254556	9.50966e-12	0.00049298	2.27781e-08	0.647195	0.669615	0.0114044	0.187946	0.546257	0.888519	N/A
OG0000215	0.251176	0.793358	0.634783	0.822048	0.105658	5.51838e-06	0.648748	0.496856	0.73401	0.165029	0.419728	0.870755	0.647195	0.669615	0.105314	0.778129	0.556794	0.703421	N/A
OG0000218	0.5	0.5	0.5	0.5	0.5	0.5	0.5	0.5	0.102732	1.92016e-34	0.5	0.5	0.536414	0.0650824	0.356523	0.593177	0.512215	0.756582	N/A
OG0000219	0.5	0.5	0.5	0.5	0.5	0.5	0.5	0.5	0.102732	1.92016e-34	0.5	0.5	0.536414	0.0650824	0.356523	0.593177	0.512215	0.756582	N/A
OG0000221	0.793358	0.793358	0.634783	0.0348535	0.00322466	5.4524e-05	0.648748	0.808669	0.73401	0.631101	0.625631	0.159561	0.647195	0.669615	0.374787	0.778129	0.556794	0.530436	N/A
OG0000222	0.0591618	0.0207094	0.634783	0.0348535	0.105658	0.00969179	0.648748	0.496856	0.73401	0.426841	0.870755	0.268461	0.647195	0.669615	0.899401	0.778129	0.556794	0.258912	N/A
OG0000224	0.603314	0.603314	0.532635	0.185149	0.5	0.5	0.5369	0.168617	0.18729	0.0950059	0.0153399	1.20931e-25	0.5689	0.0446438	0.159296	0.661179	0.523984	0.837017	N/A
OG0000227	0.675805	0.264905	0.133987	0.760376	2.74255e-07	0.00522033	0.599088	0.744651	0.316054	0.223931	0.870755	0.0907025	0.225233	0.669615	0.00615038	0.483534	0.566953	0.730323	N/A
OG0000229	0.151985	0.603314	0.532635	0.185149	0.0775147	0.552155	0.5369	0.614909	7.5401e-05	4.27663e-07	0.121774	1.17169e-09	0.647195	0.109803	0.0114044	0.187946	0.546257	0.888519	N/A
OG0000237	0.416509	0.765306	0.6129	0.471512	0.105658	0.665747	0.625291	0.781798	0.704821	0.223931	0.268461	8.68304e-08	0.623906	0.0885293	0.663204	0.749289	0.546257	0.324985	N/A
OG0000239	0.793358	0.793358	0.634783	0.161819	0.105658	0.00048864	0.648748	0.496856	0.73401	0.873084	0.159561	0.870755	0.647195	0.669615	0.0212131	0.778129	0.556794	0.38162	N/A
OG0000242	0.151985	0.603314	0.532635	0.185149	0.5	0.5	0.5369	0.168617	0.569351	0.691755	0.0210186	0.270567	0.536414	0.543722	0.0411653	0.018686	0.0696797	1.17631e-18	N/A
OG0000245	0.00519069	0.290105	0.0821026	4.03579e-05	0.105658	0.00969179	0.648748	0.496856	0.73401	6.57695e-05	0.0312314	0.0598707	0.0736692	0.644106	0.24723	0.144136	0.535326	0.25331	N/A
OG0000246	0.468545	0.251176	0.634783	0.822048	0.105658	0.00048864	0.648748	0.496856	0.73401	0.275332	0.625631	0.159561	0.647195	0.669615	0.524121	0.778129	0.556794	0.258912	N/A
OG0000249	0.00468885	6.11302e-06	0.6129	0.252617	0.0259801	0.253734	0.625291	0.781798	0.704821	0.587131	0.217632	0.581187	0.623906	0.644106	0.125037	0.749289	0.546257	0.000929129	N/A
OG0000252	0.0591618	0.12093	0.634783	0.0839244	0.13067	0.00102852	0.648748	0.808669	0.73401	0.426841	0.581187	0.0312314	0.647195	0.260673	0.899401	0.778129	0.556794	0.258912	N/A
OG0000255	0.151985	0.603314	0.0932013	4.18002e-29	0.0775147	0.552155	0.569766	0.289471	0.624625	0.0134104	0.687706	0.687706	0.0185258	0.543722	0.356523	0.593177	0.512215	0.756582	N/A
OG0000260	0.5	0.5	0.5	0.5	0.5	0.5	0.5	0.5	0.102732	9.09188e-30	0.5	0.5	0.536414	0.0650824	0.752299	0.593177	0.512215	0.756582	N/A
OG0000261	0.5	0.5	0.5	0.5	5.51838e-06	1.00679e-41	0.054996	0.000903134	0.569351	0.276095	0.270567	0.000924199	0.536414	0.543722	0.356523	0.593177	0.512215	0.756582	N/A
OG0000263	0.0403528	0.088232	0.6129	0.471512	0.0259801	0.00969179	0.625291	0.781798	0.704821	0.587131	0.0907025	0.012485	0.623906	0.0885293	0.318292	0.749289	0.546257	0.888519	N/A
OG0000265	0.765306	0.088232	0.6129	0.0608496	0.0259801	0.253734	0.625291	0.781798	0.704821	0.223931	0.217632	6.6193e-06	0.623906	0.644106	0.887481	0.749289	0.546257	0.888519	N/A
OG0000277	0.023466	0.0561127	0.588765	0.404361	0.01531	0.202879	0.599088	0.744651	0.316054	8.15171e-06	0.120375	0.85273	0.623906	0.644106	0.318292	0.749289	0.546257	0.888519	N/A
OG0000280	0.00193445	0.0059199	0.588765	0.0366283	0.000173412	0.0798612	0.599088	0.744651	0.316054	2.19382e-06	0.0312314	4.50138e-07	0.623906	0.644106	0.0411653	0.144136	0.535326	0.25331	N/A
OG0000281	0.5	0.5	0.5	0.5	0.0775147	0.552155	0.054996	0.614909	0.00974569	0.0343863	0.0153399	4.71813e-21	0.597927	0.615028	0.159296	0.0972942	0.523984	0.52688	N/A
OG0000289	0.5	0.5	0.5	0.5	4.85671e-07	3.1183e-43	0.054996	0.000110543	0.569351	0.276095	0.5	0.5	0.536414	0.0650824	0.356523	0.593177	0.512215	0.756582	N/A
OG0000290	0.765306	0.000389623	0.6129	0.00904464	0.633789	0.00522033	0.625291	0.445188	0.704821	0.371233	0.217632	2.47276e-05	0.623906	0.644106	0.318292	0.749289	0.546257	0.888519	N/A
OG0000291	0.023466	1.6553e-25	0.0331526	0.313106	0.144594	0.0534611	0.569766	0.691871	0.0357829	0.691755	0.687706	0.687706	0.536414	0.543722	0.135089	0.593177	0.512215	0.756582	N/A
OG0000292	0.416509	0.088232	0.6129	0.471512	0.552155	0.552155	0.625291	0.00663028	0.365458	0.0256347	0.0105141	0.883428	0.647195	0.109803	0.125037	0.187946	0.546257	0.324985	N/A
OG0000293	0.264905	0.675805	0.56211	0.0159964	0.596298	0.0534611	0.569766	0.691871	0.257424	0.828257	0.518458	0.081568	0.597927	0.615028	0.374787	0.0484657	0.556794	3.14526e-07	N/A
OG0000294	0.416509	0.207868	0.6129	0.252617	0.633789	0.00522033	0.625291	0.445188	0.704821	0.371233	0.120375	0.217632	0.623906	0.644106	0.00529857	0.749289	0.546257	0.888519	N/A
OG0000301	0.603314	0.603314	0.0932013	0.707241	0.144594	0.596298	0.569766	0.691871	0.624625	0.430594	0.518458	3.81748e-17	0.5689	0.0446438	0.520964	0.661179	0.523984	0.52688	N/A
OG0000302	0.0430276	0.831226	0.672712	0.0157194	0.665747	0.00048864	0.0204222	0.496856	0.0264708	0.828257	0.29391	0.0153399	0.597927	0.615028	0.520964	0.0972942	0.523984	0.52688	N/A
OG0000306	0.5	0.5	0.0486771	0.626502	0.00048864	6.1907e-15	0.104701	0.0336636	0.624625	5.47514e-12	0.270567	0.270567	0.5689	0.122779	0.159296	0.661179	0.523984	0.837017	N/A
OG0000309	0.5	0.5	0.0486771	0.0666056	0.552155	0.552155	0.5369	0.614909	0.569351	0.691755	0.423993	1.9575e-21	0.536414	0.0223161	0.356523	0.593177	0.512215	0.756582	N/A
OG0000315	0.00980204	0.108377	0.56211	0.0159964	5.51838e-06	2.9787e-10	0.149711	0.178445	0.668977	0.0343863	0.15951	3.24918e-08	0.597927	0.615028	0.159296	0.0972942	0.523984	0.52688	N/A
OG0000319	0.416509	0.207868	0.6129	0.796542	0.633789	0.00522033	0.625291	0.445188	0.704821	0.000106238	0.217632	0.581187	0.623906	0.644106	0.887481	0.749289	0.546257	0.667152	N/A
OG0000322	0.765306	0.207868	0.6129	0.0608496	0.596298	0.00196612	0.625291	0.0501275	0.365458	0.0952744	0.268461	0.870755	0.647195	0.669615	0.524121	0.778129	0.556794	0.703421	N/A
OG0000323	0.603314	0.603314	0.532635	0.626502	0.552155	0.0775147	0.5369	0.614909	0.569351	0.691755	0.518458	3.81748e-17	0.1034	0.0446438	0.833839	0.661179	0.523984	0.52688	N/A
OG0000325	0.5	0.5	0.0486771	0.626502	0.5	0.5	0.5369	0.168617	0.569351	0.276095	0.15951	4.71813e-21	0.1034	0.0446438	0.159296	0.661179	0.523984	0.837017	N/A
OG0000330	2.94918e-05	0.793358	0.00614396	0.404361	0.0798612	0.202879	0.599088	0.744651	0.668977	0.0164894	0.518458	0.29391	0.597927	0.615028	0.0742845	0.711497	0.535326	0.614875	N/A
OG0000332	0.603314	0.151985	0.532635	0.626502	0.552155	0.552155	0.5369	0.614909	0.569351	0.691755	0.85273	4.53624e-15	0.536414	4.46328e-05	0.356523	0.593177	0.512215	0.756582	N/A
OG0000333	0.416509	0.416509	0.6129	0.00335152	2.15382e-06	0.0151874	0.625291	0.230396	0.106702	0.300346	0.15951	0.29391	0.597927	0.615028	0.520964	0.0972942	0.523984	0.52688	N/A
OG0000335	0.675805	0.108377	0.56211	0.313106	0.00686566	0.596298	0.569766	0.691871	0.624625	0.781518	0.423993	1.74059e-13	0.5689	0.581795	0.520964	0.661179	0.523984	0.52688	N/A
OG0000336	0.00159279	0.416509	0.6129	0.0608496	0.0259801	0.253734	0.625291	0.781798	0.704821	0.124803	0.0312314	0.85273	0.623906	0.644106	0.470968	0.749289	0.546257	0.129601	N/A
OG0000337	0.793358	0.00104709	0.0659822	0.796542	0.00176453	0.00969179	0.625291	0.781798	0.106702	0.524872	0.15951	0.29391	0.597927	0.615028	0.24723	0.711497	0.535326	0.87125	N/A
OG0000340	0.5	0.5	0.0486771	2.14972e-31	0.0775147	0.552155	0.5369	0.614909	0.569351	0.691755	0.5	0.5	0.536414	0.0650824	0.356523	0.593177	0.512215	0.756582	N/A
OG0000342	0.675805	0.0021749	0.56211	0.313106	0.596298	0.144594	0.569766	0.691871	0.257424	0.524872	0.36421	0.36421	0.188404	0.644106	0.010672	0.441218	0.556794	0.703421	N/A
OG0000344	0.0561127	0.350438	0.588765	0.0366283	0.01531	0.000173412	0.599088	0.744651	0.668977	0.524872	0.8249	0.29391	0.597927	0.615028	0.010672	0.0484657	0.556794	0.530436	N/A
OG0000346	0.0403528	0.0121668	0.6129	0.796542	0.552155	0.0775147	0.625291	0.00663028	0.704821	0.00124914	0.581187	0.581187	0.623906	0.644106	0.470968	0.749289	0.546257	0.667152	N/A
OG0000347	0.350438	0.000737912	0.588765	0.404361	5.18298e-05	0.00522033	0.599088	0.744651	0.668977	0.300346	0.0153399	0.00194849	0.597927	0.615028	0.0411653	0.711497	0.535326	0.0207971	N/A
OG0000349	0.0207094	0.251176	0.0659822	0.471512	0.633789	0.00522033	0.05622	0.744651	0.668977	0.164783	0.777482	0.0420388	0.597927	0.174069	0.00211369	0.389278	0.546257	0.888519	N/A
OG0000351	0.727587	0.0561127	0.588765	0.0366283	5.70762e-08	0.253734	0.599088	0.178445	0.668977	0.300346	0.29391	0.518458	0.597927	0.615028	0.609509	0.711497	0.535326	0.87125	N/A
OG0000357	0.207868	0.416509	0.6129	0.471512	0.0259801	5.51838e-06	0.625291	0.781798	0.704821	0.371233	0.85273	0.85273	0.623906	0.644106	0.470968	0.749289	0.546257	0.888519	N/A
OG0000366	0.023466	0.0059199	0.588765	0.404361	1.42919e-07	0.298294	0.599088	0.0683033	0.0716424	0.0443054	0.270567	0.270567	0.5689	0.122779	0.138236	0.324553	0.535326	0.0207971	N/A
OG0000371	0.264905	0.675805	0.56211	0.707241	0.0534611	0.596298	0.569766	0.691871	0.257424	0.084715	0.15951	1.83005e-09	0.597927	0.615028	0.24723	0.711497	0.535326	0.614875	N/A
OG0000373	0.5	0.5	0.0486771	0.626502	0.0775147	0.0267186	0.5369	0.614909	0.00974569	0.000599465	0.0153399	1.23691e-12	0.597927	0.615028	0.159296	0.0972942	0.523984	0.837017	N/A
OG0000375	0.264905	0.108377	0.56211	0.134137	0.0534611	0.596298	0.569766	0.691871	0.624625	0.0443054	0.687706	0.270567	0.5689	0.122779	0.00615038	0.00135371	0.566953	0.0351787	N/A
OG0000380	0.5	0.5	0.5	0.5	0.5	0.5	0.5	0.5	0.00380453	0.781518	0.0323859	0.518458	0.147941	0.615028	0.0187053	0.00233199	0.576749	0.0112324	N/A
OG0000386	0.207868	0.416509	0.6129	0.796542	7.50245e-07	0.00048864	0.625291	0.781798	0.106702	0.828257	0.518458	0.8249	0.597927	0.615028	0.609509	0.711497	0.535326	0.87125	N/A
OG0000389	0.0561127	0.350438	0.588765	0.760376	0.000806027	0.202879	0.599088	0.744651	0.668977	0.084715	0.518458	0.29391	0.597927	0.615028	0.138236	0.711497	0.535326	0.614875	N/A
OG0000392	0.160124	0.727587	0.588765	0.760376	0.633789	0.202879	0.599088	0.744651	0.668977	0.524872	0.518458	2.26883e-06	0.597927	0.615028	0.24723	0.711497	0.535326	0.87125	N/A
OG0000396	0.151985	0.603314	0.532635	0.185149	0.0775147	0.0267186	0.5369	0.614909	0.569351	2.03838e-20	0.5	0.5	0.536414	0.0650824	0.356523	0.593177	0.512215	0.0415082	N/A
OG0000400	0.264905	0.675805	0.56211	0.134137	0.0534611	0.00196612	0.569766	0.691871	0.017635	0.855488	0.217632	0.0056356	0.623906	0.644106	0.0205578	0.749289	0.546257	0.888519	N/A
OG0000401	0.765306	0.416509	0.6129	0.796542	0.105658	5.51838e-06	0.625291	0.781798	0.704821	0.855488	0.85273	0.581187	0.623906	0.644106	0.887481	0.749289	0.546257	0.204192	N/A
OG0000408	0.290105	0.290105	0.65465	0.343861	0.13067	0.0151874	0.0927886	0.808669	0.0264708	0.828257	0.270567	0.270567	0.0370571	0.122779	0.520964	0.661179	0.523984	0.52688	N/A
OG0000409	0.5	0.5	0.5	0.5	0.000173412	1.28431e-15	0.00089877	0.121184	0.624625	1.66658e-07	0.0420388	0.0126065	0.5689	0.581795	0.159296	0.661179	0.523984	0.52688	N/A
OG0000416	0.603314	0.0539901	0.532635	0.626502	0.552155	0.552155	0.5369	0.614909	0.569351	0.276095	0.423993	3.98907e-16	0.536414	0.0223161	0.752299	0.593177	0.512215	0.756582	N/A
OG0000417	0.603314	0.603314	0.532635	0.626502	0.596298	0.596298	0.104701	0.691871	0.624625	0.0443054	0.423993	8.36281e-15	0.5689	0.581795	0.520964	0.661179	0.523984	0.837017	N/A
OG0000420	0.675805	0.675805	0.56211	0.707241	0.0534611	0.00196612	0.569766	0.691871	0.017635	0.00619112	0.012485	0.870755	0.623906	0.0885293	0.24723	0.144136	0.535326	0.25331	N/A
OG0000422	0.00980204	0.0271632	0.56211	0.0159964	0.596298	0.00196612	0.569766	0.691871	0.624625	0.781518	0.0420388	1.82798e-15	0.5689	0.581795	0.159296	0.661179	0.523984	0.837017	N/A
OG0000423	0.5	0.5	0.5	0.5	0.5	0.5	0.5	0.5	0.5	0.5	0.270567	9.33331e-23	0.0542774	0.543722	0.356523	0.593177	0.512215	0.137324	N/A
OG0000424	0.5	0.5	0.5	0.5	0.5	0.5	0.5	0.5	0.102732	9.40763e-22	0.5	0.5	0.536414	0.0650824	0.356523	0.593177	0.512215	0.0415082	N/A
OG0000429	0.675805	0.675805	0.56211	0.313106	3.36251e-07	0.337504	0.569766	0.000450163	0.624625	0.781518	0.777482	0.205461	0.5689	0.581795	0.520964	0.661179	0.523984	0.294644	N/A
OG0000430	0.675805	0.675805	0.56211	0.313106	0.596298	0.596298	0.569766	0.691871	0.257424	0.828257	0.15951	5.57057e-07	0.597927	0.615028	0.24723	0.711497	0.535326	0.0778999	N/A
OG0000432	0.264905	0.675805	0.133987	0.760376	0.000806027	0.202879	0.599088	0.744651	0.668977	0.524872	0.081568	0.081568	0.597927	0.615028	0.24723	0.711497	0.535326	0.0207971	N/A
OG0000433	0.023466	0.160124	0.588765	0.0366283	0.01531	0.202879	0.599088	0.744651	0.668977	0.300346	0.85273	0.000322213	0.597927	0.0667691	0.520964	0.0972942	0.523984	0.52688	N/A
OG0000434	0.207868	0.765306	0.6129	0.0211454	0.0798612	0.000173412	0.625291	0.445188	0.704821	0.855488	0.85273	0.581187	0.623906	0.644106	0.0411653	0.144136	0.535326	0.87125	N/A
OG0000436	0.251176	0.793358	0.634783	0.822048	0.0259801	5.51838e-06	0.0746564	0.781798	0.106702	0.524872	0.15951	0.29391	0.597927	0.615028	0.609509	0.711497	0.535326	0.87125	N/A
OG0000451	0.765306	0.0403528	0.6129	0.00335152	0.0259801	0.00048864	0.625291	0.781798	0.106702	0.524872	0.0323859	0.0153399	0.597927	0.615028	0.24723	0.711497	0.535326	0.87125	N/A
OG0000458	0.251176	0.793358	0.634783	0.822048	0.0798612	0.00522033	0.0746564	0.445188	0.106702	0.300346	0.423993	0.423993	0.597927	0.174069	0.868917	0.711497	0.535326	0.87125	N/A
OG0000461	0.603314	0.603314	0.532635	0.185149	0.5	0.5	0.5369	0.168617	0.18729	0.0134104	0.423993	0.423993	0.5689	0.581795	0.524121	0.00642803	0.556794	1.63968e-05	N/A
OG0000468	0.0539901	0.151985	0.532635	0.185149	0.000173412	1.37946e-31	0.5369	0.00737858	0.569351	0.276095	0.5	0.5	0.536414	0.0650824	0.356523	0.593177	0.512215	0.756582	N/A
OG0000477	0.0403528	0.0121668	0.6129	0.796542	0.0259801	0.00969179	0.625291	0.781798	0.106702	0.084715	0.423993	0.777482	0.0370571	0.581795	0.520964	0.661179	0.523984	0.837017	N/A
OG0000479	0.023466	0.727587	0.588765	0.081438	0.01531	0.202879	0.599088	0.744651	0.668977	0.164783	0.15951	0.8249	0.597927	0.615028	0.198433	0.389278	0.546257	0.47767	N/A
OG0000480	0.151985	0.00590033	0.532635	0.185149	0.0775147	0.552155	0.5369	0.614909	0.00974569	0.0074483	0.0153399	1.83005e-09	0.597927	0.615028	0.0411653	0.711497	0.535326	0.87125	N/A
OG0000482	0.350438	2.2252e-06	0.588765	0.404361	0.596298	0.144594	0.599088	0.378276	0.668977	0.164783	0.8249	0.8249	0.597927	0.615028	0.0742845	0.711497	0.535326	0.614875	N/A
OG0000484	0.264905	0.675805	0.56211	0.707241	0.01531	0.00522033	0.149711	0.744651	0.316054	0.587131	0.36421	0.120375	0.623906	0.644106	0.663204	0.749289	0.546257	0.888519	N/A
OG0000490	0.765306	0.765306	0.6129	4.38888e-06	0.552155	0.0775147	0.05622	0.0296593	0.668977	0.828257	0.15951	0.29391	0.597927	0.615028	0.609509	0.711497	0.535326	0.25331	N/A
OG0000491	0.151985	0.603314	0.532635	0.185149	0.552155	0.0775147	0.5369	0.614909	0.569351	0.276095	0.5	0.5	0.536414	0.0650824	0.000500369	3.82777e-06	0.576749	0.0504219	N/A
OG0000495	0.5	0.5	0.0486771	0.0666056	0.5	0.5	0.5369	0.168617	0.00974569	7.09544e-07	0.0153399	5.57057e-07	0.597927	0.615028	0.159296	0.0972942	0.523984	0.837017	N/A
OG0000506	0.793358	0.0207094	0.00614396	0.404361	0.01531	0.000173412	0.599088	0.744651	0.668977	0.300346	0.15951	0.518458	0.597927	0.615028	0.868917	0.711497	0.535326	0.25331	N/A
OG0000507	0.675805	0.675805	0.56211	0.0159964	0.5	0.5	0.569766	0.0126697	0.257424	0.300346	0.581187	2.89672e-08	0.597927	0.0667691	0.159296	0.0972942	0.523984	0.837017	N/A
OG0000535	0.264905	0.0271632	0.56211	0.707241	0.144594	0.0534611	0.569766	0.691871	0.257424	0.0074483	0.8249	0.0323859	0.597927	0.615028	0.24723	0.711497	0.535326	0.614875	N/A
OG0000539	0.264905	4.84193e-06	0.56211	0.313106	2.76903e-10	0.00196612	0.569766	0.691871	0.624625	0.210391	0.423993	0.423993	0.5689	0.581795	0.079344	0.661179	0.523984	0.52688	N/A
OG0000541	0.0774798	0.814673	0.0821026	0.822048	0.0259801	5.51838e-06	0.0746564	0.781798	0.0121738	0.781518	0.687706	0.270567	0.0185258	0.543722	0.752299	0.593177	0.512215	0.756582	N/A
OG0000554	0.00980204	0.675805	0.56211	0.0159964	0.000173412	1.28431e-15	0.569766	0.121184	0.624625	0.210391	0.423993	0.0126065	0.5689	0.581795	0.159296	0.661179	0.523984	0.837017	N/A
OG0000558	0.151985	0.603314	0.0932013	0.134137	0.00196612	0.0534611	0.569766	0.691871	0.257424	0.000599465	0.0153399	3.60543e-05	0.597927	0.615028	0.159296	0.0972942	0.523984	0.837017	N/A
OG0000559	0.675805	0.264905	0.56211	0.00396393	0.552155	0.552155	0.569766	0.289471	0.624625	0.210391	5.68243e-07	0.423993	0.5689	0.581795	0.159296	0.661179	0.523984	0.294644	N/A
OG0000569	0.675805	0.0271632	0.56211	0.707241	0.596298	0.00196612	0.569766	0.691871	0.624625	0.00350726	0.423993	0.777482	0.5689	0.581795	0.00764453	0.324553	0.535326	0.614875	N/A
OG0000570	0.814673	1.43248e-12	2.01021e-08	0.185149	0.5	0.5	0.5369	0.168617	0.569351	0.276095	0.5	0.5	0.536414	0.0650824	0.356523	0.593177	0.512215	0.756582	N/A
OG0000572	0.727587	0.160124	0.588765	0.404361	0.633789	0.000173412	0.599088	0.744651	0.668977	0.0074483	0.8249	0.518458	0.597927	0.615028	0.609509	0.711497	0.535326	0.87125	N/A
OG0000575	0.675805	0.108377	0.56211	0.0159964	0.0534611	0.00196612	0.569766	0.691871	0.624625	0.0950059	0.777482	0.423993	0.5689	0.581795	4.69891e-05	0.324553	0.535326	0.25331	N/A
OG0000589	0.675805	0.675805	0.56211	0.707241	0.596298	0.596298	0.569766	0.691871	0.624625	0.0443054	1.29446e-07	0.777482	0.5689	0.581795	0.520964	0.661179	0.523984	0.837017	N/A
OG0000592	0.5	0.5	0.5	0.5	0.00196612	9.69788e-13	0.054996	0.0602828	0.569351	0.276095	0.270567	7.24428e-10	0.536414	0.543722	0.356523	0.593177	0.512215	0.137324	N/A
OG0000594	0.5	0.5	0.5	0.5	0.000173412	7.12079e-28	0.054996	0.00737858	0.569351	0.276095	0.5	0.5	0.536414	0.0650824	0.356523	0.593177	0.512215	0.137324	N/A
OG0000599	0.727587	0.160124	0.588765	0.00393649	0.01531	0.202879	0.599088	0.744651	0.668977	0.524872	0.29391	0.518458	0.597927	0.615028	0.396794	0.711497	0.535326	0.614875	N/A
OG0000600	0.160124	0.350438	0.588765	0.760376	0.000806027	0.00522033	0.599088	0.744651	0.668977	0.300346	0.518458	0.15951	0.597927	0.615028	0.396794	0.711497	0.535326	0.25331	N/A
OG0000604	0.727587	0.160124	0.588765	0.404361	0.01531	0.633789	0.599088	0.744651	0.668977	0.0074483	0.205461	0.0420388	0.0370571	0.581795	0.159296	0.661179	0.523984	0.52688	N/A
OG0000609	0.350438	0.000737912	0.588765	0.404361	0.633789	0.000173412	0.599088	0.744651	0.668977	0.300346	0.518458	0.8249	0.597927	0.615028	0.868917	0.711497	0.535326	0.614875	N/A
OG0000615	0.603314	0.603314	0.532635	0.626502	0.552155	0.0775147	0.5369	0.614909	0.569351	2.09124e-14	0.687706	0.270567	0.536414	0.543722	0.752299	0.593177	0.512215	0.756582	N/A
OG0000616	0.675805	0.675805	0.133987	0.0105889	0.0798612	0.000173412	0.599088	0.744651	0.668977	0.828257	0.518458	0.29391	0.597927	0.615028	0.868917	0.711497	0.535326	0.614875	N/A
OG0000617	0.603314	0.603314	0.532635	0.626502	0.552155	0.0775147	0.5369	0.614909	0.569351	0.691755	0.687706	0.100236	0.536414	0.543722	0.159296	0.24264	0.523984	1.96614e-09	N/A
OG0000625	0.603314	0.151985	0.532635	0.626502	0.000173412	3.56732e-24	0.5369	0.00737858	0.569351	0.276095	0.5	0.5	0.536414	0.0650824	0.356523	0.593177	0.512215	0.137324	N/A
OG0000626	0.5	0.5	0.5	0.5	0.0775147	3.39208e-11	0.054996	0.614909	0.569351	0.276095	0.687706	3.18535e-11	0.536414	0.543722	0.356523	0.593177	0.512215	0.756582	N/A
OG0000629	0.765306	0.0121668	0.049646	0.00393649	5.18298e-05	0.00522033	0.599088	0.744651	0.0716424	0.430594	0.423993	0.423993	0.5689	0.581795	0.833839	0.661179	0.523984	0.294644	N/A
OG0000635	0.727587	0.0059199	0.588765	0.00393649	0.0259801	0.665747	0.599088	0.178445	0.0716424	0.781518	0.270567	0.687706	0.5689	0.122779	0.159296	0.661179	0.523984	0.0307885	N/A
OG0000636	0.727587	0.023466	0.588765	0.760376	0.00176453	0.253734	0.599088	0.178445	0.668977	0.300346	0.777482	0.423993	0.0370571	0.581795	0.520964	0.661179	0.523984	0.837017	N/A
OG0000637	0.727587	0.000111019	0.588765	0.760376	0.633789	0.00522033	0.599088	0.744651	0.0716424	0.210391	0.423993	0.423993	0.5689	0.581795	0.833839	0.661179	0.523984	0.837017	N/A
OG0000640	0.603314	0.603314	0.0932013	0.0408739	0.596298	0.144594	0.569766	0.691871	0.624625	1.28067e-05	0.777482	0.777482	0.5689	0.581795	0.833839	0.661179	0.523984	0.837017	N/A
OG0000646	0.251176	0.793358	0.634783	0.301447	0.0798612	0.00522033	0.00781304	0.744651	0.0716424	0.430594	0.270567	0.270567	0.5689	0.122779	0.288699	0.661179	0.523984	0.52688	N/A
OG0000648	0.350438	1.65584e-13	0.0331526	0.707241	0.552155	0.0775147	0.0187768	0.614909	0.569351	0.276095	0.270567	0.100236	0.536414	0.543722	0.752299	0.593177	0.512215	0.756582	N/A
OG0000651	0.0403528	2.55655e-09	0.6129	0.0211454	0.552155	0.0775147	0.00342761	0.289471	0.0357829	0.691755	0.5	0.5	0.536414	0.0650824	0.356523	0.593177	0.512215	0.756582	N/A
OG0000652	0.151985	0.603314	0.532635	0.185149	0.5	0.5	0.5369	0.168617	0.00974569	0.00215379	0.518458	1.35206e-07	0.597927	0.615028	0.159296	0.0972942	0.523984	0.52688	N/A
OG0000653	4.28905e-18	0.264905	0.56211	0.707241	0.5	0.5	0.0187768	0.168617	0.569351	0.276095	0.5	0.5	0.536414	0.0650824	0.752299	0.593177	0.512215	0.137324	N/A
OG0000654	0.151985	0.603314	0.532635	0.626502	0.552155	0.0775147	0.5369	0.614909	0.569351	2.09124e-14	0.687706	0.270567	0.536414	0.543722	0.356523	0.593177	0.512215	0.137324	N/A
OG0000663	0.5	0.5	0.0486771	1.01448e-22	0.5	0.5	0.5369	0.168617	0.569351	0.276095	0.5	0.5	0.536414	0.0650824	0.356523	0.593177	0.512215	0.756582	N/A
OG0000675	0.00980204	0.108377	0.56211	0.0159964	0.0534611	0.596298	0.569766	0.691871	0.257424	0.524872	0.8249	0.00689463	0.597927	0.615028	0.138236	0.711497	0.535326	0.25331	N/A
OG0000679	0.603314	0.603314	0.532635	0.626502	1.88367e-05	0.144594	0.104701	0.691871	0.624625	0.430594	0.423993	2.47587e-06	0.5689	0.581795	0.833839	0.661179	0.523984	0.52688	N/A
OG0000682	0.160124	0.160124	0.588765	0.404361	0.202879	0.0798612	0.599088	0.744651	0.668977	0.0343863	0.423993	0.423993	0.0370571	0.581795	0.520964	0.661179	0.523984	0.52688	N/A
OG0000683	0.0271632	0.675805	0.56211	0.313106	0.0534611	0.144594	0.569766	0.691871	0.624625	0.430594	1.06912e-05	0.423993	0.5689	0.581795	0.833839	0.661179	0.523984	0.52688	N/A
OG0000684	0.675805	0.0021749	0.56211	0.313106	0.596298	0.144594	0.569766	0.691871	0.624625	0.0443054	0.777482	4.56628e-05	0.5689	0.581795	0.833839	0.661179	0.523984	0.837017	N/A
OG0000687	0.350438	0.160124	0.588765	0.081438	0.633789	0.000173412	0.599088	0.744651	0.668977	0.084715	0.777482	0.0420388	0.597927	0.174069	0.868917	0.711497	0.535326	0.614875	N/A
OG0000697	0.5	0.5	0.5	0.5	0.5	0.5	0.5	0.5	0.102732	4.49265e-15	0.687706	0.270567	0.536414	0.543722	0.356523	0.593177	0.512215	0.0415082	N/A
OG0000702	0.603314	0.603314	0.532635	0.626502	0.0534611	0.596298	0.104701	0.691871	0.624625	0.000219677	0.423993	0.423993	0.5689	0.581795	0.0104356	0.661179	0.523984	0.52688	N/A
OG0000704	0.603314	0.0539901	0.532635	0.626502	0.000282756	0.596298	0.5369	0.0602828	0.569351	0.276095	0.270567	1.64753e-08	0.536414	0.543722	0.752299	0.593177	0.512215	0.756582	N/A
OG0000709	3.97235e-05	0.765306	0.00267906	0.707241	0.596298	0.144594	0.569766	0.691871	0.624625	0.430594	0.777482	0.423993	0.5689	0.581795	0.520964	0.661179	0.523984	0.52688	N/A
OG0000719	0.603314	0.603314	0.532635	0.626502	5.26876e-12	0.202879	0.5369	0.00737858	0.569351	0.691755	0.270567	0.100236	0.536414	0.543722	0.040007	0.593177	0.512215	0.756582	N/A
OG0000721	0.5	0.5	0.0486771	2.59942e-12	0.0775147	0.552155	0.5369	0.614909	0.569351	4.68852e-05	0.270567	0.687706	0.536414	0.543722	0.356523	0.593177	0.512215	0.137324	N/A
OG0000725	0.350438	0.160124	0.588765	0.760376	0.596298	0.00196612	0.599088	0.378276	0.668977	0.0343863	0.518458	0.518458	0.597927	0.615028	0.24723	0.711497	0.535326	0.87125	N/A
OG0000726	0.088232	0.207868	0.00267906	0.707241	0.596298	0.00196612	0.569766	0.691871	0.624625	0.781518	0.0420388	0.0909617	0.5689	0.581795	0.288699	0.661179	0.523984	0.52688	N/A
OG0000727	0.160124	0.727587	0.0331526	0.707241	0.00686566	0.00196612	0.569766	0.691871	0.624625	0.430594	0.423993	0.000796399	0.5689	0.581795	0.833839	0.661179	0.523984	0.52688	N/A
OG0000729	0.264905	0.108377	0.56211	0.707241	0.552155	0.0775147	0.569766	0.289471	0.624625	0.781518	0.0420388	0.0126065	0.5689	0.581795	0.0742845	0.324553	0.535326	0.142538	N/A
OG0000746	0.603314	0.603314	0.532635	0.626502	0.552155	0.552155	0.5369	0.614909	0.569351	4.57e-11	0.687706	0.270567	0.536414	0.543722	0.752299	0.593177	0.512215	0.756582	N/A
OG0000752	0.264905	0.108377	0.56211	0.313106	0.596298	0.144594	0.569766	0.691871	0.624625	0.0950059	0.423993	4.56628e-05	0.5689	0.581795	0.520964	0.661179	0.523984	0.52688	N/A
OG0000762	0.603314	0.603314	0.532635	0.626502	1.20688e-06	0.144594	0.104701	0.691871	0.624625	0.430594	0.205461	0.0420388	0.5689	0.581795	0.868917	0.324553	0.535326	0.0778999	N/A
OG0000772	0.603314	0.0539901	0.532635	0.626502	0.552155	0.0267186	0.5369	0.614909	0.569351	0.691755	3.45473e-09	0.687706	0.536414	0.543722	0.752299	0.593177	0.512215	0.756582	N/A
OG0000773	0.264905	0.0271632	0.56211	0.134137	0.0534611	0.00196612	0.569766	0.691871	0.624625	0.430594	0.423993	0.423993	0.5689	0.581795	0.138236	0.324553	0.535326	0.142538	N/A
OG0000777	0.765306	0.765306	0.6129	0.796542	0.0798612	0.000173412	0.05622	0.744651	0.0716424	0.210391	0.0420388	0.777482	0.5689	0.581795	0.833839	0.661179	0.523984	0.52688	N/A
OG0000780	0.675805	0.675805	0.56211	0.313106	0.596298	0.00196612	0.569766	0.691871	0.624625	0.210391	0.205461	0.0420388	0.5689	0.581795	0.0028818	0.324553	0.535326	0.614875	N/A
OG0000781	0.727587	0.727587	0.588765	0.0366283	0.633789	0.000173412	0.599088	0.744651	0.668977	0.300346	0.8249	0.8249	0.597927	0.615028	0.868917	0.711497	0.535326	0.25331	N/A
OG0000812	0.675805	4.84193e-06	0.56211	0.313106	0.596298	0.144594	0.569766	0.691871	0.624625	0.430594	0.205461	0.205461	0.5689	0.581795	0.520964	0.661179	0.523984	0.52688	N/A
OG0000813	0.603314	0.603314	0.532635	0.0666056	0.552155	0.552155	0.5369	0.614909	0.18729	0.781518	0.423993	5.68243e-07	0.5689	0.581795	0.520964	0.661179	0.523984	0.52688	N/A
OG0000820	0.603314	0.603314	0.532635	0.0666056	0.552155	0.552155	0.5369	0.614909	0.18729	0.210391	0.423993	1.06912e-05	0.5689	0.581795	0.833839	0.661179	0.523984	0.52688	N/A
OG0000821	0.603314	0.00590033	0.532635	0.626502	0.552155	0.552155	0.5369	0.614909	0.569351	9.98681e-08	0.687706	0.687706	0.536414	0.543722	0.752299	0.593177	0.512215	0.137324	N/A
OG0000831	0.675805	3.81954e-05	0.56211	0.313106	0.596298	0.00196612	0.569766	0.691871	0.624625	0.210391	0.777482	0.777482	0.5689	0.581795	0.520964	0.661179	0.523984	0.294644	N/A
OG0000832	0.108377	0.264905	0.56211	0.134137	0.552155	0.0775147	0.569766	0.289471	0.624625	0.210391	0.423993	4.56628e-05	0.5689	0.581795	0.520964	0.661179	0.523984	0.52688	N/A
OG0000835	0.151985	0.603314	0.532635	0.185149	0.5	0.5	0.5369	0.168617	0.569351	2.09124e-14	0.5	0.5	0.536414	0.0650824	0.356523	0.593177	0.512215	0.756582	N/A
OG0000837	0.160124	0.0561127	0.0331526	0.0159964	0.596298	0.00196612	0.569766	0.691871	0.624625	0.0443054	0.777482	0.00019238	0.5689	0.581795	0.520964	0.661179	0.523984	0.52688	N/A
OG0000838	0.675805	0.264905	0.56211	0.707241	0.552155	0.0775147	0.569766	0.289471	0.624625	0.0950059	0.423993	0.00019238	0.5689	0.581795	0.833839	0.661179	0.523984	0.837017	N/A
OG0000840	0.675805	0.675805	0.56211	0.313106	0.596298	0.00196612	0.569766	0.691871	0.624625	0.000219677	0.777482	0.777482	0.5689	0.581795	0.833839	0.661179	0.523984	0.837017	N/A
OG0000841	0.264905	0.675805	0.56211	0.707241	0.0534611	0.00196612	0.569766	0.691871	0.624625	0.781518	0.29391	0.0323859	0.5689	0.0446438	0.833839	0.661179	0.523984	0.52688	N/A
OG0000850	0.603314	0.603314	0.0932013	0.134137	2.74255e-07	0.00522033	0.569766	0.121184	0.624625	0.430594	0.777482	0.777482	0.5689	0.581795	0.520964	0.661179	0.523984	0.52688	N/A
OG0000851	0.350438	0.160124	0.588765	0.760376	0.633789	0.00522033	0.599088	0.744651	0.668977	0.084715	0.423993	0.777482	0.0370571	0.581795	0.159296	0.661179	0.523984	0.52688	N/A
OG0000867	0.264905	0.675805	0.56211	0.313106	3.85918e-06	0.202879	0.569766	0.121184	0.624625	0.430594	0.423993	0.423993	0.5689	0.581795	0.288699	0.661179	0.523984	0.837017	N/A
OG0000868	0.603314	0.603314	0.532635	0.626502	0.596298	0.00686566	0.104701	0.691871	0.624625	0.000888013	0.423993	0.0909617	0.5689	0.581795	0.159296	0.661179	0.523984	0.52688	N/A
OG0000876	0.264905	0.108377	0.56211	0.313106	0.552155	0.552155	0.569766	0.289471	0.624625	0.000219677	0.423993	0.423993	0.5689	0.581795	0.520964	0.661179	0.523984	0.081652	N/A
OG0000877	0.0539901	0.603314	0.532635	0.626502	0.552155	0.552155	0.5369	0.614909	0.569351	0.691755	0.687706	7.85691e-08	0.536414	0.543722	0.135089	0.593177	0.512215	0.756582	N/A
OG0000880	0.264905	0.675805	0.56211	0.313106	0.144594	0.0534611	0.569766	0.691871	0.624625	0.781518	0.777482	0.00019238	0.5689	0.581795	0.520964	0.661179	0.523984	0.52688	N/A
OG0000882	0.603314	0.00590033	0.532635	0.185149	0.552155	0.552155	0.5369	0.614909	0.18729	0.000219677	0.777482	0.777482	0.5689	0.581795	0.833839	0.661179	0.523984	0.837017	N/A
OG0000890	0.264905	0.675805	0.56211	0.134137	0.552155	0.0775147	0.569766	0.289471	0.624625	0.00350726	0.423993	0.0909617	0.5689	0.581795	0.520964	0.661179	0.523984	0.294644	N/A
OG0000891	0.603314	1.56696e-13	0.532635	0.626502	0.552155	0.0775147	0.5369	0.614909	0.569351	0.276095	0.270567	0.100236	0.536414	0.543722	0.135089	0.593177	0.512215	0.756582	N/A
OG0000893	0.151985	2.6695e-19	0.532635	0.626502	0.5	0.5	0.5369	0.168617	0.569351	0.276095	0.5	0.5	0.536414	0.0650824	0.356523	0.593177	0.512215	0.756582	N/A
OG0000897	0.603314	0.000644819	0.532635	0.0666056	0.552155	0.0775147	0.5369	0.614909	0.569351	0.276095	0.687706	0.687706	0.536414	0.543722	4.35739e-05	0.24264	0.523984	0.52688	N/A
OG0000898	0.603314	0.0539901	0.532635	0.626502	0.552155	0.0775147	0.5369	0.614909	0.569351	0.691755	0.423993	2.47587e-06	0.1034	0.581795	0.833839	0.661179	0.523984	0.837017	N/A
OG0000901	0.264905	0.0021749	0.56211	0.313106	0.0534611	0.00196612	0.569766	0.691871	0.624625	0.430594	0.777482	0.777482	0.5689	0.581795	0.396794	0.324553	0.535326	0.87125	N/A
OG0000903	0.264905	0.108377	0.56211	0.707241	0.0534611	0.00196612	0.569766	0.691871	0.624625	0.00350726	0.423993	0.423993	0.5689	0.581795	0.833839	0.661179	0.523984	0.294644	N/A
OG0000904	0.765306	0.207868	0.6129	0.796542	0.596298	0.00196612	0.05622	0.378276	0.0716424	0.430594	0.423993	0.423993	0.5689	0.581795	0.520964	0.661179	0.523984	0.294644	N/A
OG0000905	0.108377	0.264905	0.56211	0.707241	0.00686566	0.00196612	0.569766	0.691871	0.624625	0.781518	0.423993	0.0909617	0.5689	0.581795	0.288699	0.661179	0.523984	0.837017	N/A
OG0000906	2.2252e-06	0.023466	0.588765	0.760376	0.552155	0.0775147	0.0375595	0.289471	0.624625	0.210391	0.423993	0.423993	0.5689	0.581795	0.520964	0.661179	0.523984	0.52688	N/A
OG0000912	0.5	0.5	0.5	0.5	0.5	0.5	0.5	0.5	0.102732	2.09124e-14	0.5	0.5	0.536414	0.0650824	0.356523	0.593177	0.512215	0.756582	N/A
OG0000923	0.675805	0.675805	0.56211	0.313106	0.000282756	0.144594	0.569766	0.691871	0.624625	0.430594	0.205461	0.423993	0.5689	0.581795	0.288699	0.661179	0.523984	0.837017	N/A
OG0000939	0.603314	0.0539901	0.532635	0.185149	0.552155	0.552155	0.5369	0.614909	0.569351	0.691755	0.687706	1.64753e-08	0.536414	0.543722	0.752299	0.593177	0.512215	0.756582	N/A
OG0000943	0.151985	0.603314	0.0932013	0.00396393	0.00196612	0.596298	0.569766	0.691871	0.624625	0.00350726	0.0420388	0.00322071	0.5689	0.581795	0.159296	0.661179	0.523984	0.52688	N/A
OG0000949	0.675805	0.0271632	0.56211	0.0159964	0.596298	0.144594	0.569766	0.691871	0.624625	0.0134104	0.777482	0.423993	0.5689	0.581795	0.520964	0.661179	0.523984	0.294644	N/A
OG0000951	0.5	0.5	0.5	0.5	0.0775147	2.20387e-07	0.054996	0.614909	0.569351	9.90194e-10	0.5	0.5	0.536414	0.0650824	0.356523	0.593177	0.512215	0.756582	N/A
OG0000952	0.675805	0.108377	0.0165745	0.185149	0.552155	0.552155	0.5369	0.614909	0.569351	0.276095	0.687706	7.85691e-08	0.536414	0.543722	0.752299	0.593177	0.512215	0.756582	N/A
OG0000956	0.264905	0.675805	0.56211	0.134137	0.596298	0.144594	0.569766	0.691871	0.624625	5.34031e-05	0.687706	0.270567	0.0185258	0.543722	0.752299	0.593177	0.512215	0.756582	N/A
OG0000972	0.264905	0.108377	0.56211	0.313106	0.00686566	0.00196612	0.569766	0.691871	0.624625	0.210391	0.777482	0.423993	0.5689	0.581795	0.288699	0.661179	0.523984	0.294644	N/A
OG0000973	0.108377	0.264905	0.56211	0.00396393	0.596298	0.00196612	0.569766	0.691871	0.624625	0.781518	0.0420388	0.777482	0.5689	0.581795	0.079344	0.661179	0.523984	0.837017	N/A
OG0000976	0.603314	0.603314	0.532635	0.626502	0.000282756	0.00196612	0.104701	0.691871	0.624625	0.0950059	0.423993	0.00322071	0.5689	0.581795	0.520964	0.661179	0.523984	0.52688	N/A
OG0000978	0.675805	0.108377	0.56211	0.313106	0.552155	0.0775147	0.569766	0.289471	0.624625	0.0950059	0.423993	0.00322071	0.5689	0.581795	0.833839	0.661179	0.523984	0.52688	N/A
OG0000979	0.603314	0.603314	0.532635	0.626502	0.0267186	0.0775147	0.5369	0.614909	0.569351	0.276095	0.8249	0.000529856	0.1034	0.0446438	0.833839	0.661179	0.523984	0.837017	N/A
OG0000980	0.00980204	0.0271632	0.56211	0.00396393	0.552155	0.0775147	0.569766	0.289471	0.624625	0.0950059	0.777482	0.777482	0.5689	0.581795	0.159296	0.661179	0.523984	0.294644	N/A
OG0000981	0.0271632	0.675805	0.56211	0.707241	0.596298	0.00196612	0.569766	0.691871	0.624625	0.430594	0.423993	0.777482	0.5689	0.581795	0.0104356	0.661179	0.523984	0.52688	N/A
OG0000983	0.675805	0.264905	0.56211	0.000106758	0.000282756	0.00196612	0.569766	0.691871	0.624625	0.430594	0.423993	0.777482	0.5689	0.581795	0.520964	0.661179	0.523984	0.52688	N/A
OG0000985	0.264905	0.675805	0.56211	0.134137	0.0534611	0.00196612	0.569766	0.691871	0.624625	0.000888013	0.0420388	0.777482	0.5689	0.581795	0.159296	0.661179	0.523984	0.294644	N/A
OG0000986	0.603314	0.603314	0.532635	0.626502	0.552155	0.0775147	0.5369	0.614909	0.569351	0.691755	0.8249	9.11697e-06	0.536414	0.000998013	0.356523	0.593177	0.512215	0.756582	N/A
OG0001021	0.264905	0.675805	0.56211	0.134137	0.00196612	0.596298	0.569766	0.691871	0.624625	0.210391	0.0420388	0.0126065	0.5689	0.581795	0.520964	0.661179	0.523984	0.294644	N/A
OG0001029	0.5	0.5	0.000683965	0.707241	0.00196612	1.64678e-11	0.569766	0.691871	0.624625	0.781518	0.0420388	0.777482	0.5689	0.581795	0.833839	0.661179	0.523984	0.52688	N/A
OG0001045	0.603314	0.603314	0.532635	0.626502	0.552155	0.552155	0.5369	0.614909	0.569351	0.276095	1.64753e-08	0.687706	0.536414	0.543722	0.752299	0.593177	0.512215	0.756582	N/A
OG0001061	0.603314	7.04693e-05	0.532635	0.626502	0.552155	0.0775147	0.5369	0.614909	0.569351	0.691755	0.270567	8.52136e-06	0.536414	0.543722	0.135089	0.593177	0.512215	0.756582	N/A
OG0001063	0.108377	0.675805	0.56211	0.0408739	0.0534611	0.00196612	0.569766	0.691871	0.624625	0.781518	0.777482	0.423993	0.5689	0.581795	0.833839	0.661179	0.523984	0.52688	N/A
OG0001076	0.108377	0.264905	0.56211	0.134137	0.0534611	0.00196612	0.569766	0.691871	0.624625	0.210391	0.777482	0.423993	0.5689	0.581795	0.288699	0.661179	0.523984	0.52688	N/A
OG0001086	0.5	0.5	0.5	0.5	0.5	0.5	0.5	0.5	0.102732	0.691755	0.270567	1.40062e-12	0.536414	0.543722	0.356523	0.593177	0.512215	0.756582	N/A
OG0001087	0.603314	0.151985	0.532635	0.185149	0.5	0.5	0.5369	0.168617	0.569351	9.81779e-12	0.5	0.5	0.536414	0.0650824	0.752299	0.593177	0.512215	0.756582	N/A
OG0001111	0.264905	4.84193e-06	0.56211	0.707241	0.552155	0.552155	0.0187768	0.614909	0.569351	0.691755	0.687706	0.687706	0.536414	0.543722	0.752299	0.593177	0.512215	0.137324	N/A
OG0001119	0.675805	0.0271632	0.56211	0.134137	0.000282756	0.144594	0.569766	0.691871	0.0357829	0.276095	0.100236	0.687706	0.536414	0.543722	0.356523	0.593177	0.512215	0.756582	N/A
OG0001140	0.603314	0.00590033	0.532635	0.626502	0.0267186	0.552155	0.5369	0.614909	0.569351	4.68852e-05	0.687706	0.687706	0.536414	0.543722	0.752299	0.593177	0.512215	0.756582	N/A
OG0001146	0.603314	0.603314	0.532635	0.185149	7.52568e-08	0.144594	0.104701	0.691871	0.624625	0.781518	0.777482	0.423993	0.5689	0.581795	0.520964	0.661179	0.523984	0.837017	N/A
OG0001154	0.603314	0.603314	0.532635	0.185149	0.552155	0.552155	0.5369	0.614909	0.569351	9.98681e-08	0.687706	0.687706	0.536414	0.543722	0.752299	0.593177	0.512215	0.756582	N/A
OG0001155	0.727587	0.727587	0.0331526	0.707241	0.000282756	0.144594	0.569766	0.691871	0.0357829	0.691755	0.687706	0.687706	0.536414	0.543722	0.752299	0.593177	0.512215	0.756582	N/A
OG0001170	0.5	0.5	0.5	0.5	0.0775147	0.0267186	0.054996	0.614909	0.569351	2.12725e-10	0.270567	0.687706	0.536414	0.543722	0.356523	0.593177	0.512215	0.756582	N/A
OG0001173	0.151985	1.00519e-08	0.532635	0.185149	0.5	0.5	0.5369	0.168617	0.18729	0.0950059	0.777482	0.423993	0.5689	0.581795	0.159296	0.661179	0.523984	0.294644	N/A
OG0001179	0.151985	0.0539901	0.532635	0.626502	0.552155	0.0775147	0.5369	0.614909	0.569351	2.14548e-08	0.270567	0.687706	0.536414	0.543722	0.356523	0.593177	0.512215	0.137324	N/A
OG0001183	0.603314	0.0539901	0.532635	0.626502	0.00143188	0.0775147	0.5369	0.614909	0.569351	1.00724e-05	0.687706	0.687706	0.536414	0.543722	0.752299	0.593177	0.512215	0.756582	N/A
OG0001184	0.675805	0.675805	0.56211	0.134137	0.00686566	0.00196612	0.569766	0.691871	0.624625	0.430594	0.777482	0.777482	0.5689	0.581795	0.833839	0.661179	0.523984	0.52688	N/A
OG0001190	0.727587	0.727587	0.588765	0.760376	0.0798612	0.000173412	0.599088	0.744651	0.0716424	0.781518	0.687706	0.270567	0.5689	0.122779	0.520964	0.661179	0.523984	0.837017	N/A
OG0001193	0.675805	0.675805	0.56211	0.707241	0.000282756	0.00196612	0.569766	0.691871	0.624625	0.781518	0.423993	0.777482	0.5689	0.581795	0.833839	0.661179	0.523984	0.52688	N/A
OG0001204	0.5	0.5	0.0486771	0.0012267	0.552155	0.0775147	0.5369	0.614909	0.569351	9.98681e-08	0.270567	0.687706	0.536414	0.543722	0.356523	0.593177	0.512215	0.137324	N/A
OG0001209	0.603314	0.151985	0.532635	0.185149	4.11238e-06	0.0775147	0.5369	0.614909	0.569351	1.00724e-05	0.687706	0.270567	0.536414	0.543722	0.040007	0.593177	0.512215	0.756582	N/A
OG0001227	0.5	0.5	0.5	0.5	0.00196612	1.08783e-17	0.054996	0.0602828	0.569351	0.276095	0.270567	0.687706	0.536414	0.543722	0.356523	0.593177	0.512215	0.756582	N/A
OG0001256	0.603314	0.603314	0.532635	0.626502	0.552155	0.00143188	0.5369	0.614909	0.569351	4.68852e-05	0.687706	0.270567	0.536414	0.543722	0.752299	0.593177	0.512215	0.137324	N/A
OG0001258	0.264905	0.108377	0.56211	0.134137	0.552155	0.552155	0.569766	0.289471	0.624625	0.0443054	0.423993	0.00322071	0.5689	0.581795	0.520964	0.661179	0.523984	0.52688	N/A
OG0001263	0.5	0.5	0.5	0.5	0.0775147	0.0267186	0.054996	0.614909	0.18729	0.0134104	0.423993	4.56628e-05	0.5689	0.581795	0.159296	0.661179	0.523984	0.52688	N/A
OG0001266	0.603314	0.00590033	0.532635	0.626502	0.00143188	0.552155	0.5369	0.614909	0.569351	0.00101587	0.687706	0.687706	0.536414	0.543722	0.752299	0.593177	0.512215	0.756582	N/A
OG0001270	0.675805	0.264905	0.56211	0.313106	0.0534611	0.144594	0.569766	0.691871	0.624625	0.0134104	0.0420388	0.205461	0.5689	0.581795	0.520964	0.661179	0.523984	0.52688	N/A
OG0001281	0.675805	0.675805	0.56211	0.707241	1.88367e-05	0.144594	0.569766	0.691871	0.0357829	0.691755	0.5	0.5	0.536414	0.0650824	0.752299	0.593177	0.512215	0.0415082	N/A
OG0001308	0.603314	0.603314	0.532635	0.626502	0.552155	0.0775147	0.5369	0.614909	0.569351	0.691755	0.687706	3.74689e-07	0.536414	0.543722	0.752299	0.593177	0.512215	0.756582	N/A
OG0001315	0.603314	0.603314	0.532635	1.04e-09	0.552155	0.0775147	0.5369	0.614909	0.569351	0.691755	0.687706	0.270567	0.536414	0.543722	0.752299	0.593177	0.512215	0.756582	N/A
OG0001320	0.264905	0.675805	0.56211	0.134137	0.000282756	0.00196612	0.569766	0.691871	0.624625	0.210391	0.423993	0.423993	0.5689	0.581795	0.520964	0.661179	0.523984	0.52688	N/A
OG0001327	0.675805	0.108377	0.56211	0.313106	0.552155	0.0775147	0.569766	0.289471	0.624625	5.34031e-05	0.687706	0.270567	0.0185258	0.543722	0.356523	0.593177	0.512215	0.756582	N/A
OG0001330	0.160124	0.727587	0.588765	0.19679	0.596298	0.00196612	0.0375595	0.691871	0.0357829	0.276095	0.687706	0.270567	0.536414	0.543722	0.040007	0.593177	0.512215	0.756582	N/A
OG0001336	0.108377	0.675805	0.56211	0.134137	0.596298	0.00196612	0.569766	0.691871	0.624625	0.0443054	0.423993	0.0909617	0.5689	0.581795	0.833839	0.661179	0.523984	0.52688	N/A
OG0001338	0.264905	0.108377	0.56211	0.707241	0.552155	0.0775147	0.569766	0.289471	0.624625	0.000888013	0.423993	0.423993	0.5689	0.581795	0.520964	0.661179	0.523984	0.52688	N/A
OG0001339	0.108377	0.675805	0.56211	0.313106	0.00686566	0.00196612	0.569766	0.691871	0.624625	0.0443054	0.777482	0.777482	0.5689	0.581795	0.288699	0.661179	0.523984	0.52688	N/A
OG0001342	0.603314	0.603314	0.532635	0.626502	7.67362e-05	0.0775147	0.5369	0.614909	0.569351	0.000218242	0.687706	0.687706	0.536414	0.543722	0.752299	0.593177	0.512215	0.137324	N/A
OG0001352	0.5	0.5	0.5	0.5	0.5	0.5	0.5	0.5	0.5	0.5	0.5	0.5	0.5	0.5	4.54286e-08	0.00765202	0.523984	0.52688	N/A
OG0001360	0.5	0.5	0.5	0.5	0.00196612	3.28646e-15	0.054996	0.0602828	0.569351	0.276095	0.5	0.5	0.536414	0.0650824	0.356523	0.593177	0.512215	0.0415082	N/A
OG0001388	1.09853e-09	0.603314	0.532635	0.626502	0.552155	0.552155	0.5369	0.614909	0.569351	0.691755	0.687706	0.270567	0.536414	0.543722	0.356523	0.593177	0.512215	0.756582	N/A
OG0001428	0.5	0.5	0.5	0.5	3.33112e-13	0.202879	0.054996	0.00737858	0.569351	0.276095	0.5	0.5	0.536414	0.0650824	0.356523	0.593177	0.512215	0.756582	N/A
OG0001439	0.264905	0.675805	0.56211	0.0159964	0.144594	0.000282756	0.569766	0.691871	0.624625	0.210391	0.777482	0.423993	0.5689	0.581795	0.520964	0.661179	0.523984	0.52688	N/A
OG0001458	0.5	0.5	0.0486771	0.00903909	0.0775147	0.552155	0.5369	0.614909	0.569351	9.98681e-08	0.5	0.5	0.536414	0.0650824	0.356523	0.593177	0.512215	0.137324	N/A
OG0001463	0.151985	0.0539901	0.532635	0.626502	0.552155	0.0775147	0.5369	0.614909	0.18729	0.0950059	0.0126065	0.423993	0.5689	0.581795	0.159296	0.661179	0.523984	0.294644	N/A
OG0001468	0.108377	0.675805	0.56211	0.134137	0.552155	0.0775147	0.569766	0.289471	0.624625	0.0134104	0.270567	0.270567	0.5689	0.122779	0.833839	0.661179	0.523984	0.52688	N/A
OG0001480	0.603314	0.0539901	0.532635	0.626502	0.0267186	0.0775147	0.5369	0.614909	0.569351	0.691755	0.687706	4.06376e-05	0.536414	0.543722	0.752299	0.593177	0.512215	0.756582	N/A
OG0001481	0.151985	0.603314	0.532635	0.00903909	0.5	0.5	0.5369	0.168617	0.18729	0.781518	0.777482	0.0909617	0.5689	0.581795	0.159296	0.661179	0.523984	0.0307885	N/A
OG0001491	0.264905	0.0021749	0.56211	0.134137	0.552155	0.0775147	0.569766	0.289471	0.624625	0.781518	0.423993	0.777482	0.5689	0.581795	0.520964	0.661179	0.523984	0.52688	N/A
OG0001504	0.5	0.5	0.0486771	0.626502	0.5	0.5	0.5369	0.168617	0.569351	0.276095	0.270567	1.64753e-08	0.536414	0.543722	0.356523	0.593177	0.512215	0.0125464	N/A
OG0001511	0.5	0.5	0.0486771	2.59942e-12	0.5	0.5	0.5369	0.168617	0.569351	0.276095	0.270567	0.687706	0.536414	0.543722	0.356523	0.593177	0.512215	0.137324	N/A
OG0001515	0.5	0.5	0.5	0.5	1.08783e-17	0.00196612	0.054996	0.0602828	0.569351	0.276095	0.5	0.5	0.536414	0.0650824	0.356523	0.593177	0.512215	0.756582	N/A
OG0001537	0.151985	7.04693e-05	0.532635	0.185149	0.552155	4.11238e-06	0.5369	0.614909	0.569351	0.276095	0.687706	0.270567	0.536414	0.543722	0.752299	0.593177	0.512215	0.0415082	N/A
OG0001564	0.5	0.5	0.5	0.5	0.144594	1.64678e-11	0.054996	0.0602828	0.569351	0.102458	0.270567	0.687706	0.536414	0.543722	0.356523	0.593177	0.512215	0.756582	N/A
OG0001566	0.151985	0.603314	0.532635	0.185149	0.144594	5.66484e-14	0.5369	0.0602828	0.569351	0.276095	0.5	0.5	0.536414	0.0650824	0.356523	0.593177	0.512215	0.756582	N/A
OG0001574	0.727587	0.0561127	0.0331526	0.313106	0.144594	0.596298	0.569766	0.691871	0.0357829	0.691755	0.270567	0.100236	0.536414	0.543722	0.356523	0.593177	0.512215	0.756582	N/A
OG0001658	0.603314	7.04693e-05	0.532635	0.626502	0.552155	0.0775147	0.5369	0.614909	0.569351	0.691755	0.687706	0.0210186	0.536414	0.543722	0.752299	0.593177	0.512215	0.137324	N/A
OG0001664	0.675805	0.675805	0.56211	0.0159964	0.552155	0.0775147	0.569766	0.289471	0.624625	0.0134104	0.777482	0.205461	0.5689	0.581795	0.159296	0.661179	0.523984	0.52688	N/A
OG0001673	0.264905	0.108377	0.56211	0.707241	0.00686566	0.00196612	0.569766	0.691871	0.624625	0.0443054	0.423993	0.205461	0.5689	0.581795	0.520964	0.661179	0.523984	0.52688	N/A
OG0001685	0.264905	0.675805	0.56211	0.0408739	0.596298	0.00196612	0.569766	0.691871	0.624625	0.781518	0.777482	0.0420388	0.5689	0.581795	0.520964	0.661179	0.523984	0.837017	N/A
OG0001687	0.151985	0.603314	0.532635	0.185149	0.5	0.5	0.5369	0.168617	0.18729	0.00350726	0.423993	0.777482	0.5689	0.581795	0.159296	0.661179	0.523984	0.0111525	N/A
OG0001704	0.5	0.5	0.0486771	0.0666056	0.5	0.5	0.5369	0.168617	0.569351	4.68852e-05	0.687706	0.687706	0.536414	0.543722	0.752299	0.593177	0.512215	0.0125464	N/A
OG0001705	0.5	0.5	0.5	0.5	0.5	0.5	0.5	0.5	0.5	0.5	0.687706	0.270567	0.0542774	0.543722	0.159296	0.24264	0.523984	5.84837e-07	N/A
OG0001723	0.5	0.5	0.5	0.5	0.0775147	6.32955e-10	0.054996	0.614909	0.569351	0.0220112	0.270567	0.0210186	0.536414	0.543722	0.356523	0.593177	0.512215	0.756582	N/A
OG0001731	0.264905	0.675805	0.56211	0.134137	0.00686566	0.144594	0.569766	0.691871	0.0357829	0.276095	0.687706	0.687706	0.536414	0.543722	0.752299	0.593177	0.512215	0.756582	N/A
OG0001747	0.5	0.5	0.0486771	0.626502	0.0775147	7.67362e-05	0.5369	0.614909	0.569351	0.000218242	0.0210186	0.270567	0.536414	0.543722	0.356523	0.593177	0.512215	0.756582	N/A
OG0001779	0.000644819	0.603314	0.532635	0.626502	0.00143188	0.552155	0.5369	0.614909	0.569351	0.102458	0.687706	0.270567	0.536414	0.543722	0.752299	0.593177	0.512215	0.756582	N/A
OG0001789	0.603314	0.603314	0.532635	3.06605e-06	0.552155	0.552155	0.5369	0.614909	0.569351	0.276095	0.687706	0.687706	0.536414	0.543722	0.356523	0.593177	0.512215	0.137324	N/A
OG0001827	0.603314	1.00519e-08	0.532635	0.185149	0.0267186	0.552155	0.5369	0.614909	0.569351	0.276095	0.5	0.5	0.536414	0.0650824	0.356523	0.593177	0.512215	0.137324	N/A
OG0001871	0.675805	0.675805	0.56211	0.313106	0.596298	0.00196612	0.569766	0.691871	0.624625	0.0443054	0.0420388	0.0909617	0.5689	0.581795	0.520964	0.661179	0.523984	0.294644	N/A
OG0001883	0.00590033	0.603314	0.532635	0.626502	7.67362e-05	0.0775147	0.5369	0.614909	0.569351	0.691755	0.100236	0.687706	0.536414	0.543722	0.752299	0.593177	0.512215	0.756582	N/A
OG0001889	0.675805	0.108377	0.56211	0.0408739	0.552155	0.0775147	0.569766	0.289471	0.624625	0.781518	0.270567	0.270567	0.5689	0.122779	0.159296	0.661179	0.523984	0.294644	N/A
OG0001898	0.151985	0.0539901	0.532635	0.0666056	0.552155	0.0775147	0.5369	0.614909	0.569351	0.102458	0.270567	0.687706	0.536414	0.543722	0.356523	0.593177	0.512215	0.000346481	N/A
OG0001908	0.603314	0.000644819	0.532635	0.185149	0.0267186	0.0775147	0.5369	0.614909	0.569351	0.691755	0.100236	0.0210186	0.536414	0.543722	0.752299	0.593177	0.512215	0.756582	N/A
OG0001911	0.603314	7.04693e-05	0.532635	0.626502	0.552155	0.0775147	0.5369	0.614909	0.569351	0.0220112	0.687706	0.687706	0.536414	0.543722	0.752299	0.593177	0.512215	0.756582	N/A
OG0001935	0.0539901	0.603314	0.532635	0.185149	0.00143188	0.0775147	0.5369	0.614909	0.569351	0.691755	0.687706	0.687706	0.536414	0.543722	0.00350887	0.593177	0.512215	0.756582	N/A
OG0001936	0.603314	0.603314	0.532635	0.626502	7.67362e-05	0.0775147	0.5369	0.614909	0.569351	0.102458	0.687706	0.0210186	0.536414	0.543722	0.752299	0.593177	0.512215	0.756582	N/A
OG0001952	0.5	0.5	0.5	0.5	0.5	0.5	0.5	0.5	0.102732	0.691755	0.687706	1.64753e-08	0.536414	0.543722	0.356523	0.593177	0.512215	0.756582	N/A
OG0001953	0.603314	0.151985	0.532635	0.626502	0.552155	0.0775147	0.5369	0.614909	0.569351	0.691755	0.687706	8.52136e-06	0.536414	0.543722	0.752299	0.593177	0.512215	0.756582	N/A
OG0001960	0.5	0.5	0.0486771	2.59942e-12	0.5	0.5	0.5369	0.168617	0.569351	0.276095	0.5	0.5	0.536414	0.0650824	0.356523	0.593177	0.512215	0.756582	N/A
OG0002162	0.5	0.5	0.5	0.5	0.0775147	0.552155	0.054996	0.614909	0.569351	0.276095	0.777482	0.00019238	0.1034	0.581795	0.159296	0.661179	0.523984	0.294644	N/A
OG0002234	0.603314	0.0539901	0.532635	0.626502	0.00143188	0.0775147	0.5369	0.614909	0.569351	0.0220112	0.270567	0.100236	0.536414	0.543722	0.356523	0.593177	0.512215	0.137324	N/A
OG0002239	0.675805	0.108377	0.56211	0.313106	0.596298	0.00196612	0.569766	0.691871	0.624625	0.781518	0.687706	0.270567	0.5689	0.122779	0.159296	0.661179	0.523984	0.294644	N/A
OG0002242	0.603314	0.0539901	0.532635	0.185149	0.552155	0.0775147	0.5369	0.614909	0.569351	0.000218242	0.687706	0.687706	0.536414	0.543722	0.752299	0.593177	0.512215	0.756582	N/A
OG0002286	0.603314	0.151985	0.532635	0.626502	0.552155	0.0775147	0.5369	0.614909	0.569351	0.276095	0.687706	4.06376e-05	0.536414	0.543722	0.135089	0.593177	0.512215	0.756582	N/A
OG0002288	0.5	0.5	0.0486771	0.0666056	0.5	0.5	0.5369	0.168617	0.569351	0.000218242	0.5	0.5	0.536414	0.0650824	0.356523	0.593177	0.512215	0.00114629	N/A
OG0002290	0.5	0.5	0.5	0.5	0.5	0.5	0.5	0.5	0.102732	4.60917e-09	0.5	0.5	0.536414	0.0650824	0.356523	0.593177	0.512215	0.756582	N/A
OG0002356	0.151985	0.603314	0.532635	0.0666056	0.552155	0.0267186	0.5369	0.614909	0.569351	0.00101587	0.687706	0.270567	0.536414	0.543722	0.356523	0.593177	0.512215	0.756582	N/A
OG0002412	0.151985	0.603314	0.532635	0.185149	0.0775147	0.552155	0.5369	0.614909	0.569351	2.16387e-06	0.270567	0.687706	0.536414	0.543722	0.356523	0.593177	0.512215	0.756582	N/A
OG0002424	0.5	0.5	0.0486771	0.0666056	4.11238e-06	0.552155	0.5369	0.614909	0.569351	0.102458	0.270567	0.100236	0.536414	0.543722	0.356523	0.593177	0.512215	0.756582	N/A
OG0002482	0.00980204	0.108377	0.56211	0.134137	0.00196612	0.596298	0.569766	0.691871	0.624625	0.781518	0.270567	0.270567	0.5689	0.122779	0.159296	0.661179	0.523984	0.294644	N/A
OG0002600	0.00980204	0.108377	0.56211	0.707241	0.144594	0.596298	0.569766	0.691871	0.624625	0.210391	0.270567	0.687706	0.0185258	0.543722	0.356523	0.593177	0.512215	0.756582	N/A
OG0002621	0.675805	0.108377	0.0165745	0.626502	0.00143188	0.0775147	0.5369	0.614909	0.569351	0.691755	0.270567	0.687706	0.536414	0.543722	0.752299	0.593177	0.512215	0.756582	N/A
OG0002622	0.151985	1.20053e-10	0.532635	0.185149	0.5	0.5	0.5369	0.168617	0.569351	0.276095	0.5	0.5	0.536414	0.0650824	0.356523	0.593177	0.512215	0.137324	N/A
OG0002653	0.603314	7.70127e-06	0.532635	0.626502	0.552155	0.0775147	0.5369	0.614909	0.569351	0.691755	0.687706	0.270567	0.536414	0.543722	0.752299	0.593177	0.512215	0.756582	N/A
OG0002658	0.264905	0.675805	0.56211	0.0408739	0.596298	0.00196612	0.569766	0.691871	0.0357829	0.691755	0.687706	0.270567	0.536414	0.543722	0.752299	0.593177	0.512215	0.756582	N/A
OG0002661	0.000644819	0.603314	0.532635	0.185149	0.552155	0.0775147	0.5369	0.614909	0.569351	0.691755	0.687706	0.270567	0.536414	0.543722	0.0118482	0.593177	0.512215	0.756582	N/A
OG0002723	0.675805	0.675805	0.0165745	0.185149	0.552155	0.0775147	0.5369	0.614909	0.569351	0.276095	4.06376e-05	0.270567	0.536414	0.543722	0.356523	0.593177	0.512215	0.756582	N/A
OG0002746	0.603314	0.151985	0.532635	0.185149	0.552155	0.0775147	0.5369	0.614909	0.569351	0.276095	0.777482	0.00322071	0.1034	0.581795	0.833839	0.661179	0.523984	0.52688	N/A
OG0002763	0.5	0.5	0.5	0.5	0.5	0.5	0.5	0.5	0.102732	2.14548e-08	0.5	0.5	0.536414	0.0650824	0.356523	0.593177	0.512215	0.756582	N/A
OG0002800	0.5	0.5	0.0486771	0.626502	0.633789	0.01531	0.5369	0.00737858	0.569351	0.691755	0.5	0.5	0.536414	0.0650824	0.356523	0.593177	0.512215	0.137324	N/A
OG0002906	0.151985	0.603314	0.532635	0.185149	0.0775147	0.0267186	0.5369	0.614909	0.569351	1.00724e-05	0.5	0.5	0.536414	0.0650824	0.356523	0.593177	0.512215	0.756582	N/A
OG0003048	0.603314	0.603314	0.532635	0.185149	1.88367e-05	0.144594	0.5369	0.0602828	0.569351	0.276095	0.687706	0.270567	0.536414	0.543722	0.752299	0.593177	0.512215	0.756582	N/A
OG0003064	0.151985	0.0539901	0.532635	0.185149	0.000806027	0.633789	0.5369	0.00737858	0.569351	0.276095	0.5	0.5	0.536414	0.0650824	0.356523	0.593177	0.512215	0.756582	N/A
OG0003269	0.675805	0.0021749	0.56211	0.707241	0.596298	0.00196612	0.569766	0.691871	0.0357829	0.276095	0.5	0.5	0.536414	0.0650824	0.356523	0.593177	0.512215	0.756582	N/A
OG0003283	0.675805	0.675805	0.0165745	0.626502	0.00143188	0.0775147	0.5369	0.614909	0.569351	0.276095	0.687706	0.270567	0.536414	0.543722	0.356523	0.593177	0.512215	0.0415082	N/A
OG0003303	0.264905	3.81954e-05	0.56211	0.707241	0.5	0.5	0.0187768	0.168617	0.569351	0.276095	0.5	0.5	0.536414	0.0650824	0.356523	0.593177	0.512215	0.137324	N/A
OG0003320	0.151985	0.603314	0.532635	0.626502	0.552155	0.0775147	0.5369	0.614909	0.569351	4.68852e-05	0.270567	0.687706	0.536414	0.543722	0.356523	0.593177	0.512215	0.756582	N/A
OG0003330	0.675805	0.0021749	0.0165745	0.626502	0.552155	0.0775147	0.5369	0.614909	0.569351	0.276095	0.270567	0.687706	0.536414	0.543722	0.356523	0.593177	0.512215	0.137324	N/A
OG0003343	0.108377	0.108377	0.0165745	0.626502	0.00143188	0.0775147	0.5369	0.614909	0.569351	0.276095	0.5	0.5	0.536414	0.0650824	0.356523	0.593177	0.512215	0.137324	N/A
OG0003431	0.603314	0.603314	0.532635	0.626502	4.11238e-06	0.0775147	0.5369	0.614909	0.569351	0.691755	0.687706	0.270567	0.536414	0.543722	0.752299	0.593177	0.512215	0.756582	N/A
OG0003446	0.151985	0.603314	0.532635	0.185149	0.5	0.5	0.5369	0.168617	0.569351	0.276095	0.270567	3.74689e-07	0.536414	0.543722	0.356523	0.593177	0.512215	0.756582	N/A
OG0003467	0.603314	0.603314	0.532635	0.00903909	0.00143188	0.0775147	0.5369	0.614909	0.569351	0.276095	0.687706	0.687706	0.536414	0.543722	0.752299	0.593177	0.512215	0.756582	N/A
OG0003468	0.5	0.5	0.5	0.5	0.5	0.5	0.5	0.5	0.5	0.5	0.270567	7.85691e-08	0.0542774	0.543722	0.356523	0.593177	0.512215	0.756582	N/A
OG0003481	0.603314	0.151985	0.532635	0.185149	0.5	0.5	0.5369	0.168617	0.569351	0.000218242	0.270567	0.00440742	0.536414	0.543722	0.356523	0.593177	0.512215	0.756582	N/A
OG0003503	0.5	0.5	0.5	0.5	7.67362e-05	0.0775147	0.054996	0.614909	0.569351	0.691755	0.270567	0.100236	0.536414	0.543722	0.288699	0.24264	0.523984	0.837017	N/A
OG0003515	0.5	0.5	0.0486771	0.626502	0.5	0.5	0.5369	0.168617	0.569351	0.000218242	0.270567	0.687706	0.536414	0.543722	0.040007	0.593177	0.512215	0.756582	N/A
OG0003519	0.5	0.5	0.5	0.5	0.5	0.5	0.5	0.5	0.102732	9.98681e-08	0.5	0.5	0.536414	0.0650824	0.356523	0.593177	0.512215	0.756582	N/A
OG0003520	0.5	0.5	0.0486771	1.04e-09	0.5	0.5	0.5369	0.168617	0.569351	0.276095	0.5	0.5	0.536414	0.0650824	0.356523	0.593177	0.512215	0.756582	N/A
OG0003524	0.5	0.5	0.5	0.5	0.5	0.5	0.5	0.5	0.102732	9.98681e-08	0.5	0.5	0.536414	0.0650824	0.356523	0.593177	0.512215	0.756582	N/A
OG0003656	0.5	0.5	0.0486771	2.25926e-05	0.0775147	0.552155	0.5369	0.614909	0.569351	0.102458	0.5	0.5	0.536414	0.0650824	0.356523	0.593177	0.512215	0.137324	N/A
OG0003722	0.5	0.5	0.5	0.5	0.0775147	0.00143188	0.054996	0.614909	0.569351	4.68852e-05	0.5	0.5	0.536414	0.0650824	0.356523	0.593177	0.512215	0.756582	N/A
OG0003730	0.5	0.5	0.5	0.5	0.0775147	0.0267186	0.054996	0.614909	0.569351	0.0220112	0.270567	0.00440742	0.536414	0.543722	0.356523	0.593177	0.512215	0.137324	N/A
OG0004289	0.5	0.5	0.0486771	0.0666056	0.0775147	0.0267186	0.5369	0.614909	0.569351	0.276095	0.687706	0.00440742	0.536414	0.543722	0.752299	0.593177	0.512215	0.756582	N/A
OG0004306	0.151985	1.00519e-08	0.532635	0.185149	0.5	0.5	0.5369	0.168617	0.569351	0.276095	0.270567	0.687706	0.536414	0.543722	0.356523	0.593177	0.512215	0.756582	N/A
OG0004668	0.5	0.5	0.5	0.5	0.5	0.5	0.5	0.5	0.102732	4.64867e-07	0.5	0.5	0.536414	0.0650824	0.356523	0.593177	0.512215	0.756582	N/A
OG0005369	0.5	0.5	0.5	0.5	0.0775147	0.552155	0.054996	0.614909	0.569351	0.00472871	0.270567	0.0210186	0.536414	0.543722	0.356523	0.593177	0.512215	0.137324	N/A
OG0005631	0.5	0.5	0.5	0.5	0.0775147	7.67362e-05	0.054996	0.614909	0.569351	0.102458	0.270567	0.0210186	0.536414	0.543722	0.356523	0.593177	0.512215	0.756582	N/A
OG0005974	0.151985	0.603314	0.532635	0.185149	0.5	0.5	0.5369	0.168617	0.569351	0.102458	0.00440742	0.270567	0.536414	0.543722	0.356523	0.593177	0.512215	0.0415082	N/A
OG0006061	0.603314	0.603314	0.532635	0.185149	4.11238e-06	0.0775147	0.5369	0.614909	0.569351	0.276095	0.687706	0.270567	0.536414	0.543722	0.752299	0.593177	0.512215	0.756582	N/A
OG0006208	0.5	0.5	0.5	0.5	0.5	0.5	0.5	0.5	0.5	0.5	1.78686e-06	0.270567	0.0542774	0.543722	0.356523	0.593177	0.512215	0.756582	N/A
OG0006878	0.151985	0.00590033	0.532635	0.185149	0.552155	0.0775147	0.5369	0.614909	0.569351	0.102458	0.5	0.5	0.536414	0.0650824	0.356523	0.593177	0.512215	0.0415082	N/A
OG0007100	0.603314	0.603314	0.532635	0.626502	7.67362e-05	0.0775147	0.5369	0.614909	0.569351	0.276095	0.687706	0.270567	0.536414	0.543722	0.356523	0.593177	0.512215	0.756582	N/A
OG0007289	0.151985	0.0539901	0.532635	0.185149	0.5	0.5	0.5369	0.168617	0.569351	0.00101587	0.270567	0.687706	0.536414	0.543722	0.356523	0.593177	0.512215	0.756582	N/A
OG0007355	0.151985	0.603314	0.532635	2.25926e-05	0.5	0.5	0.5369	0.168617	0.569351	0.276095	0.270567	0.687706	0.536414	0.543722	0.356523	0.593177	0.512215	0.756582	N/A
OG0007450	0.151985	0.603314	0.532635	0.0012267	0.5	0.5	0.5369	0.168617	0.569351	0.0220112	0.5	0.5	0.536414	0.0650824	0.356523	0.593177	0.512215	0.756582	N/A
OG0007539	0.5	0.5	0.5	0.5	0.5	0.5	0.5	0.5	0.5	0.5	0.270567	8.52136e-06	0.0542774	0.543722	0.356523	0.593177	0.512215	0.756582	N/A
OG0007584	0.0539901	0.151985	0.532635	0.626502	0.00143188	0.0775147	0.5369	0.614909	0.569351	0.276095	0.270567	0.100236	0.536414	0.543722	0.356523	0.593177	0.512215	0.756582	N/A
OG0007624	0.603314	0.151985	0.532635	0.626502	0.552155	0.0775147	0.5369	0.614909	0.569351	0.00101587	0.5	0.5	0.536414	0.0650824	0.356523	0.593177	0.512215	0.756582	N/A
OG0007791	0.5	0.5	0.5	0.5	0.0775147	0.0267186	0.054996	0.614909	0.569351	0.102458	0.270567	0.0210186	0.536414	0.543722	0.356523	0.593177	0.512215	0.756582	N/A
OG0008123	0.603314	0.000644819	0.532635	0.185149	0.5	0.5	0.5369	0.168617	0.569351	0.102458	0.5	0.5	0.536414	0.0650824	0.356523	0.593177	0.512215	0.756582	N/A
OG0008196	0.151985	7.04693e-05	0.532635	0.185149	0.5	0.5	0.5369	0.168617	0.569351	0.691755	0.270567	0.687706	0.536414	0.543722	0.356523	0.593177	0.512215	0.756582	N/A
OG0008649	0.5	0.5	0.0486771	0.626502	0.5	0.5	0.5369	0.168617	0.569351	0.000218242	0.5	0.5	0.536414	0.0650824	0.356523	0.593177	0.512215	0.756582	N/A
OG0008654	0.0539901	0.151985	0.532635	0.185149	0.5	0.5	0.5369	0.168617	0.569351	0.00472871	0.687706	0.270567	0.536414	0.543722	0.356523	0.593177	0.512215	0.756582	N/A
OG0008795	0.5	0.5	0.5	0.5	0.0775147	0.552155	0.054996	0.614909	0.569351	0.276095	0.270567	0.000924199	0.536414	0.543722	0.356523	0.593177	0.512215	0.756582	N/A
OG0008830	0.5	0.5	0.5	0.5	0.0775147	7.67362e-05	0.054996	0.614909	0.569351	0.102458	0.5	0.5	0.536414	0.0650824	0.356523	0.593177	0.512215	0.756582	N/A
OG0008912	0.151985	0.603314	0.532635	0.185149	0.5	0.5	0.5369	0.168617	0.569351	0.00101587	0.5	0.5	0.536414	0.0650824	0.356523	0.593177	0.512215	0.756582	N/A
OG0009221	0.151985	0.603314	0.532635	0.626502	0.00143188	0.0775147	0.5369	0.614909	0.569351	0.276095	0.5	0.5	0.536414	0.0650824	0.752299	0.593177	0.512215	0.756582	N/A
OG0009416	0.603314	0.151985	0.532635	0.626502	0.00143188	0.0775147	0.5369	0.614909	0.569351	0.276095	0.5	0.5	0.536414	0.0650824	0.752299	0.593177	0.512215	0.756582	N/A
OG0009588	0.151985	0.603314	0.532635	0.0666056	0.0775147	0.0267186	0.5369	0.614909	0.569351	0.276095	0.5	0.5	0.536414	0.0650824	0.356523	0.593177	0.512215	0.756582	N/A
OG0009590	0.5	0.5	0.5	0.5	0.0775147	4.11238e-06	0.054996	0.614909	0.569351	0.276095	0.5	0.5	0.536414	0.0650824	0.356523	0.593177	0.512215	0.756582	N/A
OG0009757	0.151985	0.00590033	0.532635	0.185149	0.552155	0.0775147	0.5369	0.614909	0.569351	0.276095	0.5	0.5	0.536414	0.0650824	0.752299	0.593177	0.512215	0.756582	N/A
OG0009809	0.151985	7.04693e-05	0.532635	0.185149	0.5	0.5	0.5369	0.168617	0.569351	0.276095	0.5	0.5	0.536414	0.0650824	0.356523	0.593177	0.512215	0.756582	N/A
OG0009817	0.151985	0.00590033	0.532635	0.185149	0.5	0.5	0.5369	0.168617	0.569351	0.102458	0.5	0.5	0.536414	0.0650824	0.356523	0.593177	0.512215	0.756582	N/A
OG0010164	0.5	0.5	0.5	0.5	7.67362e-05	0.0775147	0.054996	0.614909	0.569351	0.691755	0.5	0.5	0.536414	0.0650824	0.356523	0.593177	0.512215	0.756582	N/A
OG0010374	0.5	0.5	0.5	0.5	0.0775147	0.00143188	0.054996	0.614909	0.569351	0.691755	0.5	0.5	0.536414	0.0650824	0.356523	0.593177	0.512215	0.756582	N/A
OG0011023	0.5	0.5	0.5	0.5	0.00143188	0.0775147	0.054996	0.614909	0.569351	0.276095	0.5	0.5	0.536414	0.0650824	0.752299	0.593177	0.512215	0.756582	N/A
OG0011043	0.5	0.5	0.5	0.5	7.67362e-05	0.0775147	0.054996	0.614909	0.569351	0.276095	0.5	0.5	0.536414	0.0650824	0.356523	0.593177	0.512215	0.756582	N/A
OG0011269	0.5	0.5	0.5	0.5	0.0775147	0.00143188	0.054996	0.614909	0.569351	0.276095	0.5	0.5	0.536414	0.0650824	0.356523	0.593177	0.512215	0.756582	N/A
OG0011471	0.151985	0.00590033	0.532635	0.185149	0.5	0.5	0.5369	0.168617	0.569351	0.276095	0.5	0.5	0.536414	0.0650824	0.356523	0.593177	0.512215	0.756582	N/A
OG0011747	0.151985	0.00590033	0.532635	0.185149	0.5	0.5	0.5369	0.168617	0.569351	0.276095	0.5	0.5	0.536414	0.0650824	0.356523	0.593177	0.512215	0.756582	N/A
OG0012169	0.00590033	0.151985	0.532635	0.185149	0.5	0.5	0.5369	0.168617	0.569351	0.276095	0.5	0.5	0.536414	0.0650824	0.356523	0.593177	0.512215	0.756582	N/A
